1.4559
1.52208
1.48834
1.55554
1.52349
1.58828
1.5606
1.62113
1.6009
1.65269
1.64342
1.68392
1.68932
1.71361
1.73731
1.74296
1.78836
1.77105
1.84081
1.79937
1.89544
1.82727
1.95022
1.85651
2.00582
1.88658
2.06002
1.91931
2.11358
1.95413
2.1643
1.9927
2.21328
2.03418
2.25854
2.07989
2.30169
2.12853
2.34108
2.18103
2.37883
2.2357
2.41358
2.29314
2.44784
2.35141
2.48033
2.41105
2.51375
2.47007
2.54664
2.52913
2.58171
2.58645
2.61715
2.64297
2.65554
2.69715
2.69466
2.75031
2.73697
2.80112
2.77989
2.85119
2.82584
2.89935
2.87197
2.94738
2.92085
2.99414
2.96946
3.04154
3.02061
3.08837
3.07119
3.13664
3.12439
3.18502
3.17705
3.23571
3.23283
3.28729
3.2885
3.34222
3.34832
3.3991
3.40908
3.46091
3.47581
3.52639
3.54544
3.59942
3.6242
3.67921
3.7095
3.77122
3.80949
3.87573
3.9228
4.00101
4.0607
4.14901
4.22347
4.33123
4.42376
4.54452
4.64922
4.77433
4.85091
4.88565
4.77173
4.45607
3.80846
2.94302
2.06066
1.44089
1.09593
1.00576
1.02077
1.11996
1.21563
1.3448
1.44185
1.55781
1.63606
1.7372
1.79971
1.88639