4.03361
4.04472
4.05698
4.07093
4.08687
4.10452
4.12293
4.14083
4.15677
4.16927
4.17727
4.18021
4.17786
4.16996
4.15625
4.13667
4.1115
4.0815
4.04783
4.01178
3.97445
3.93655
3.89834
3.8598
3.8208
3.78121
3.74107
3.70062
3.66032
3.62086
3.58306
3.54786
3.5162
3.489
3.46701
3.45071
3.44027
3.43546
3.43572
3.44029
3.44827
3.45873
3.47084
3.48392
3.49743
3.51105
3.52465
3.53824
3.55202
3.56629
3.58145
3.598
3.61647
3.63742
3.66142
3.68902
3.72075
3.75708
3.79839
3.84501
3.89714
3.95488
4.01824
4.08707
4.16112
4.24004
4.32327
4.41004
4.49944
4.59041
4.68182
4.77256
4.86153
4.94776
5.03042
5.1088
5.18243
5.25099
5.31435
5.37253
5.42571
5.47418
5.51833
5.55861
5.59554
5.62963
5.66144
5.69148
5.72028
5.74833
5.77609
5.80396
5.83234
5.86156
5.89192
5.92366
5.95699
5.99209
6.02907
6.06804
6.10903
6.15207
6.19714
6.24417
6.29309
6.34378
6.39609
6.44986
6.50488
6.56095
6.61782
6.67523
6.73292
6.7906
6.84798
6.90477
6.96065
7.01534
7.06853
7.11993
7.16925
7.21623
7.26059
7.30211
7.34054
7.37568
7.40734
7.43535
7.45953
7.47966
7.49538
7.50644
7.51266
7.51394
7.51024
7.5016
7.4881
7.46988
7.44712
7.42007
7.38897
7.35414
7.31589
7.27455
7.23048
7.18404
7.13559
7.08548
7.03406
6.98167
6.92863
6.87524
6.8218
6.76857
6.7158
6.6637
6.61247
6.56229
6.51331
6.46567
6.41946
6.37479
6.33173
6.29031
6.2506
6.21259
6.17632
6.14176
6.1089
6.07773
6.0482
6.02027
5.9939
5.96903
5.94561
5.92357
5.90284
5.88337
5.86507
5.84789
5.83173
5.81655
5.80225
5.78876
5.77603
5.76396
5.7525
5.74157
5.7311
5.72103
5.71128
5.70179
5.69251
5.68336
5.67429
5.66523
5.65614
5.64694
5.6376
5.62805
5.61825
5.60814
5.59768
5.58683
5.57553
5.56375
5.55145
5.53859
5.52513
5.51104
5.49628
5.48083
5.46465
5.44773
5.43003
5.41153
5.39222
5.37207
5.35107
5.32921
5.30647
5.28284
5.25832
5.2329
5.20658
5.17936
5.15124
5.12222
5.09231
5.06151
5.02984
4.9973
4.9639
4.92966
4.8946
4.85873
4.82208
4.78465
4.74647
4.70756
4.66795
4.62766
4.58671
4.54514
4.50296
4.4602
4.41689
4.37306
4.32874
4.28395
4.23872
4.19307
4.14703
4.10061
4.05382
4.00664
3.95891
3.90993
3.85997
3.80928
3.758
3.70627
3.6542
3.60191
3.54948
3.49702
3.44462
3.39237
3.34034
3.28863
3.2373
3.18642
3.13608
3.08632
3.03723
2.98885
2.94125
2.89447
2.84857
2.8036
2.75959
2.71659
2.67463
2.63375
2.59397
2.55533
2.51785
2.48155
2.44644
2.41254
2.37987
2.34842
2.31822
2.28925
2.26153
2.23504
2.20979
2.18577
2.16297
2.14138
2.12098
2.10177
2.08373
2.06683
2.05107
2.03641
2.02285
2.01035
1.99889
1.98845
1.979
1.97052
1.96297
1.95634
1.9506
1.94571
1.94166
1.9384
1.93593
1.93419
1.93318
1.93286
1.93321
1.93419
1.93578
1.93797
1.94071
1.94399
1.94777
1.95205
1.95679
1.96198
1.96758
1.97358
1.97997
1.98671
1.99379
2.00119
2.00889
2.01689
2.02515
2.03367
2.04242
2.05141
2.0606
2.07
2.07958
2.08933
2.09925
2.10933
2.11954
2.1299
2.14037
2.15097
2.16167
2.17247
2.18337
2.19436
2.20543
2.21657
2.22779
2.23907
2.25041
2.26181
2.27326
2.28476
2.2963
2.30789
2.31952
2.33118
2.34287
2.3546
2.36636
2.37814
2.38995
2.40178
2.41363
2.4255
2.43739
2.4493
2.46122
2.47316
2.48512
2.49708
2.50906
2.52105
2.53306
2.54507
2.5571
2.56913
2.58117
2.59322
2.60528
2.61735
2.62943
2.64151
2.65361
2.6657
2.67781
2.68992
2.70204
2.71417
2.7263
2.73844
2.75058
2.76274
2.77489
2.78706
2.79923
2.8114
2.82359
2.83577
2.84797
2.86017
2.87238
2.88459
2.89681
2.90903
2.92127
2.9335
2.94575
2.958
2.97026
2.98252
2.99479
3.00707
3.01935
3.03164
3.04393
3.05623
3.06854
3.08085
3.09317
3.1055
3.11783
3.13017
3.14251
3.15486
3.16721
3.17957
3.19194
3.20431
3.21668
3.22906
3.24144
3.25383
3.26621
3.27861
3.291
3.3034
3.31579
3.32819
3.34059
3.35299
3.36538
3.37778
3.39017
3.40255
3.41493
3.42731
3.43968
3.45204
3.46439
3.47673
3.48906
3.50138
3.51368
3.52596
3.53823
3.55047
3.5627
3.5749
3.58708
3.59923
3.61135
3.62345
3.63551
3.64753
3.65952
3.67147
3.68338
3.69524
3.70706
3.71883
3.73055
3.74222
3.75383
3.76539
3.77689
3.78833
3.79971
3.81102
3.82226
3.83344
3.84454
3.85558
3.86654
3.87743
3.88825
3.89899
3.90966
3.92025
3.93078
3.94123
3.95162
3.96195
3.97222
3.98245
3.99265
4.00283
4.01302
4.02324