1.46477
1.49792
1.48087
1.5144
1.49737
1.53105
1.51429
1.54783
1.53165
1.56472
1.54944
1.58171
1.56769
1.59876
1.58639
1.61586
1.60556
1.63299
1.62521
1.65014
1.64532
1.66729
1.6659
1.68443
1.68694
1.70155
1.70843
1.71867
1.73036
1.73577
1.7527
1.75288
1.77544
1.77
1.79853
1.78715
1.82195
1.80435
1.84566
1.82163
1.86962
1.83902
1.89377
1.85656
1.91808
1.87427
1.94249
1.89221
1.96694
1.9104
1.9914
1.92888
2.0158
1.9477
2.04011
1.96689
2.06426
1.98648
2.08822
2.00651
2.11195
2.02699
2.13542
2.04794
2.1586
2.06938
2.18146
2.09133
2.204
2.11377
2.2262
2.1367
2.24806
2.16011
2.2696
2.18398
2.29082
2.20829
2.31174
2.233
2.33239
2.25808
2.3528
2.28349
2.373
2.30919
2.39304
2.33513
2.41293
2.36126
2.43275
2.38754
2.45251
2.41392
2.47227
2.44035
2.49206
2.46679
2.51192
2.4932
2.53189
2.51954
2.55201
2.54578
2.5723
2.57189
2.59278
2.59785
2.61348
2.62363
2.63442
2.64922
2.6556
2.67462
2.67704
2.69982
2.69874
2.72482
2.7207
2.74962
2.74292
2.77424
2.76541
2.79869
2.78814
2.82298
2.81113
2.84714
2.83434
2.87118
2.85779
2.89513
2.88146
2.91902
2.90535
2.94286
2.92944
2.96671
2.95373
2.99057
2.97823
3.01448
3.00293
3.03848
3.02783
3.0626
3.05295
3.08687
3.07829
3.11133
3.10388
3.13602
3.12972
3.16097
3.15585
3.18623
3.1823
3.21185
3.2091
3.23788
3.2363
3.26438
3.26394
3.2914
3.2921
3.31901
3.32084
3.3473
3.35024
3.37635
3.3804
3.40626
3.41141
3.43714
3.44341
3.46913
3.47653
3.50237
3.51093
3.53704
3.54682
3.57333
3.58439
3.61149
3.62392
3.65177
3.66568
3.6945
3.71003
3.74003
3.75735
3.78879
3.8081
3.84127
3.86283
3.89805
3.92214
3.95977
3.98673
4.02717
4.05736
4.10104
4.13487
4.18221
4.22003
4.2714
4.31347
4.36901
4.41526
4.47464
4.52426
4.58607
4.63672
4.69735
4.74357
4.79508
4.82544
4.85179
4.84431
4.81637
4.73399
4.60757
4.40257
4.13455
3.78143
3.37978
2.93234
2.49708
2.08462
1.74471
1.4663
1.27448
1.13718
1.0674
1.02786
1.03248
1.04662
1.08877
1.12763
1.18553
1.23321
1.29556
1.34417
1.40563
1.4516
1.5099
1.55185
1.60626
1.64388
1.69441
1.72786
1.77483
1.8045
1.84835
1.87468
1.9159