4.03561
4.04103
4.04668
4.05261
4.05889
4.0656
4.07279
4.0805
4.0887
4.09734
4.10631
4.11547
4.12467
4.13376
4.14254
4.15083
4.15843
4.16517
4.17089
4.17547
4.17884
4.18094
4.18173
4.18121
4.17932
4.17605
4.17136
4.16522
4.1576
4.1485
4.13795
4.12599
4.11272
4.09823
4.08266
4.06617
4.04893
4.0311
4.01282
3.99424
3.97544
3.95651
3.93748
3.91838
3.89922
3.87997
3.86063
3.84117
3.82157
3.80183
3.78194
3.7619
3.74175
3.72152
3.70125
3.68103
3.66092
3.64102
3.62142
3.60224
3.58359
3.56559
3.54836
3.53202
3.51669
3.50247
3.48947
3.47778
3.46746
3.45858
3.45115
3.4452
3.44069
3.4376
3.43586
3.43539
3.43611
3.4379
3.44066
3.44427
3.44861
3.45358
3.45906
3.46495
3.47115
3.4776
3.48421
3.49092
3.4977
3.5045
3.51131
3.5181
3.52489
3.53167
3.53847
3.54531
3.55223
3.55928
3.56649
3.57393
3.58165
3.58972
3.5982
3.60716
3.61667
3.6268
3.63762
3.64921
3.66163
3.67495
3.68925
3.70457
3.72099
3.73856
3.75734
3.77736
3.79867
3.82131
3.84531
3.87069
3.89746
3.92564
3.95523
3.98622
4.01861
4.05236
4.08745
4.12385
4.16152
4.2004
4.24043
4.28154
4.32365
4.36664
4.41041
4.45483
4.49979
4.54513
4.59073
4.63644
4.68211
4.72762
4.77282
4.81757
4.86176
4.90526
4.94797
4.98978
5.03059
5.07034
5.10896
5.14638
5.18257
5.21748
5.25111
5.28343
5.31445
5.34417
5.37261
5.39981
5.42578
5.45058
5.47424
5.49683
5.51839
5.53898
5.55867
5.57752
5.5956
5.61296
5.62969
5.64585
5.6615
5.67671
5.69155
5.70608
5.72036
5.73445
5.74842
5.76231
5.77618
5.79009
5.80407
5.81818
5.83247
5.84696
5.8617
5.87673
5.89207
5.90776
5.92382
5.94029
5.95717
5.9745
5.99229
6.01055
6.02929
6.04853
6.06827
6.08852
6.10929
6.13056
6.15234
6.17464
6.19743
6.22071
6.24448
6.26872
6.29342
6.31856
6.34412
6.3701
6.39645
6.42318
6.45024
6.47761
6.50528
6.5332
6.56136
6.58971
6.61824
6.6469
6.67566
6.70449
6.73335
6.76222
6.79104
6.81979
6.84842
6.8769
6.9052
6.93327
6.96107
6.98858
7.01574
7.04253
7.06891
7.09484
7.12028
7.1452
7.16957
7.19335
7.2165
7.239
7.26082
7.28192
7.30227
7.32186
7.34064
7.3586
7.37571
7.39195
7.4073
7.42173
7.43523
7.44777
7.45933
7.46989
7.47938
7.48778
7.49504
7.50114
7.50605
7.50974
7.51222
7.51346
7.51346
7.51222
7.50974
7.50602
7.50107
7.49492
7.48756
7.47902
7.46933
7.4585
7.44657
7.43356
7.41951
7.40445
7.38842
7.37145
7.35359
7.33488
7.31535
7.29505
7.27402
7.25232
7.22997
7.20703
7.18355
7.15956
7.13511
7.11025
7.08501
7.05946
7.03361
7.00753
6.98124
6.95479
6.92822
6.90156
6.87485
6.84813
6.82143
6.79478
6.76822
6.74177
6.71546
6.68932
6.66338
6.63765
6.61217
6.58694
6.562
6.53736
6.51304
6.48905
6.46541
6.44213
6.41922
6.3967
6.37457
6.35283
6.33151
6.3106
6.29011
6.27004
6.2504
6.23119
6.21241
6.19406
6.17614
6.15865
6.14159
6.12496
6.10874
6.09295
6.07758
6.06261
6.04805
6.03389
6.02013
6.00676
5.99377
5.98115
5.9689
5.95702
5.94549
5.9343
5.92345
5.91293
5.90273
5.89284
5.88325
5.87396
5.86496
5.85623
5.84777
5.83957
5.83162
5.82391
5.81643
5.80918
5.80213
5.7953
5.78865
5.78219
5.77591
5.7698
5.76385
5.75804
5.75238
5.74685
5.74145
5.73616
5.73098
5.72589
5.7209
5.71599
5.71115
5.70638
5.70166
5.69699
5.69237
5.68778
5.68322
5.67867
5.67414
5.66961
5.66508
5.66053
5.65597
5.65139
5.64677
5.64212
5.63742
5.63267
5.62786
5.62299
5.61805
5.61303
5.60793
5.60274
5.59746
5.59208
5.5866
5.581
5.57529
5.56946
5.5635
5.55741
5.55118
5.54482
5.53831
5.53165
5.52483
5.51786
5.51073
5.50342
5.49595
5.48831
5.48048
5.47248
5.46429
5.45591
5.44734
5.43858
5.42962
5.42046
5.4111
5.40154
5.39177
5.38179
5.37159
5.36119
5.35057
5.33973
5.32868
5.3174
5.30591
5.29419
5.28226
5.27009
5.25771
5.24509
5.23226
5.21919
5.20591
5.19239
5.17865
5.16469
5.15049
5.13608
5.12144
5.10658
5.09149
5.07618
5.06065
5.0449
5.02894
5.01275
4.99635
4.97974
4.96292
4.94588
4.92864
4.91119
4.89353
4.87567
4.85762
4.83936
4.82091
4.80227
4.78344
4.76442
4.74521
4.72582
4.70626
4.68651
4.6666
4.64651
4.62626
4.60584
4.58526
4.56452
4.54363
4.52259
4.5014
4.48007
4.4586
4.43698
4.41524
4.39336
4.37136
4.34924
4.32699
4.30463
4.28215
4.25957
4.23688
4.21408
4.19119
4.16819
4.1451
4.12192
4.09864
4.07527
4.05181
4.02824
4.00458
3.9808
3.95685
3.93256
3.90798
3.88316
3.85813
3.83291
3.80753
3.78201
3.75635
3.73058
3.70471
3.67875
3.65272
3.62664
3.60051
3.57434
3.54816
3.52196
3.49577
3.46959
3.44344
3.41732
3.39125
3.36524
3.33929
3.31342
3.28763
3.26194
3.23636
3.21089
3.18554
3.16032
3.13524
3.11031
3.08554
3.06093
3.03649
3.01223
2.98816
2.96428
2.9406
2.91712
2.89386
2.87082
2.848
2.82541
2.80306
2.78095
2.75909
2.73747
2.71612
2.69502
2.67419
2.65363
2.63334
2.61333
2.59359
2.57414
2.55498
2.53611
2.51752
2.49924
2.48124
2.46355
2.44616
2.42907
2.41228
2.3958
2.37963
2.36376
2.3482
2.33296
2.31802
2.30339
2.28907
2.27506
2.26136
2.24797
2.23489
2.22212
2.20965
2.19749
2.18564
2.1741
2.16285
2.15191
2.14127
2.13093
2.12089
2.11114
2.10169
2.09253
2.08366
2.07507
2.06677
2.05875
2.05102
2.04355
2.03637
2.02946
2.02281
2.01643
2.01032
2.00446
1.99886
1.99352
1.98843
1.98359
1.97899
1.97463
1.97051
1.96662
1.96297
1.95955
1.95635
1.95337
1.9506
1.94806
1.94572
1.94359
1.94167
1.93995
1.93842
1.93709
1.93594
1.93499
1.93421
1.93362
1.9332
1.93296
1.93288
1.93298
1.93323
1.93365
1.93422
1.93494
1.93581
1.93683
1.93799
1.9393
1.94074
1.94231
1.94402
1.94585
1.94781
1.94989
1.95208
1.9544
1.95683
1.95936
1.96201
1.96476
1.96761
1.97057
1.97362
1.97676
1.98
1.98333
1.98674
1.99024
1.99382
1.99748
2.00122
2.00504
2.00893
2.01289
2.01692
2.02102
2.02518
2.02941
2.0337
2.03805
2.04245
2.04692
2.05144
2.05601
2.06063
2.0653
2.07002
2.07479
2.07961
2.08446
2.08936
2.0943
2.09928
2.1043
2.10935
2.11444
2.11957
2.12473
2.12992
2.13514
2.1404
2.14568
2.15099
2.15633
2.16169
2.16708
2.17249
2.17793
2.18339
2.18887
2.19438
2.1999
2.20545
2.21101
2.21659
2.22219
2.2278
2.23344
2.23909
2.24475
2.25043
2.25612
2.26182
2.26754
2.27327
2.27902
2.28477
2.29054
2.29632
2.30211
2.3079
2.31371
2.31953
2.32536
2.33119
2.33703
2.34289
2.34875
2.35461
2.36049
2.36637
2.37225
2.37815
2.38405
2.38995
2.39587
2.40178
2.40771
2.41363
2.41957
2.42551
2.43145
2.4374
2.44335
2.4493
2.45526
2.46123
2.46719
2.47317
2.47914
2.48512
2.4911
2.49708
2.50307
2.50906
2.51506
2.52106
2.52706
2.53306
2.53906
2.54507
2.55108
2.55709
2.56311
2.56913
2.57515
2.58117
2.58719
2.59322
2.59925
2.60528
2.61131
2.61735
2.62339
2.62942
2.63547
2.64151
2.64755
2.6536
2.65965
2.6657
2.67175
2.6778
2.68386
2.68991
2.69597
2.70203
2.70809
2.71416
2.72022
2.72629
2.73236
2.73843
2.7445
2.75057
2.75665
2.76272
2.7688
2.77488
2.78096
2.78704
2.79313
2.79921
2.8053
2.81139
2.81748
2.82357
2.82966
2.83576
2.84185
2.84795
2.85405
2.86015
2.86625
2.87236
2.87846
2.88457
2.89068
2.89679
2.9029
2.90902
2.91513
2.92125
2.92736
2.93348
2.93961
2.94573
2.95185
2.95798
2.96411
2.97023
2.97637
2.9825
2.98863
2.99477
3.0009
3.00704
3.01318
3.01932
3.02547
3.03161
3.03776
3.04391
3.05006
3.05621
3.06236
3.06851
3.07467
3.08083
3.08699
3.09315
3.09931
3.10547
3.11164
3.1178
3.12397
3.13014
3.13631
3.14249
3.14866
3.15484
3.16101
3.16719
3.17337
3.17955
3.18573
3.19192
3.1981
3.20429
3.21047
3.21666
3.22285
3.22904
3.23523
3.24142
3.24762
3.25381
3.26001
3.2662
3.2724
3.2786
3.28479
3.29099
3.29719
3.30339
3.30959
3.31579
3.32199
3.32819
3.33439
3.34059
3.34679
3.35299
3.35919
3.36539
3.37159
3.37779
3.38399
3.39018
3.39638
3.40258
3.40877
3.41496
3.42115
3.42734
3.43353
3.43972
3.4459
3.45209
3.45827
3.46445
3.47062
3.47679
3.48296
3.48913
3.49529
3.50145
3.50761
3.51376
3.51991
3.52606
3.5322
3.53834
3.54447
3.55059
3.55672
3.56283
3.56894
3.57505
3.58115
3.58724
3.59333
3.59941
3.60548
3.61154
3.6176
3.62365
3.6297
3.63573
3.64176
3.64777
3.65378
3.65978
3.66577
3.67175
3.67772
3.68368
3.68963
3.69557
3.70149
3.70741
3.71332
3.71921
3.72509
3.73096
3.73681
3.74265
3.74848
3.7543
3.7601
3.76589
3.77166
3.77742
3.78316
3.78889
3.79461
3.8003
3.80599
3.81165
3.8173
3.82294
3.82856
3.83416
3.83974
3.84531
3.85086
3.85639
3.8619
3.8674
3.87288
3.87834
3.88379
3.88921
3.89462
3.90001
3.90538
3.91074
3.91607
3.92139
3.9267
3.93198
3.93725
3.94251
3.94774
3.95297
3.95817
3.96337
3.96855
3.97372
3.97888
3.98403
3.98918
3.99431
3.99945
4.00458
4.00972
4.01486
4.02002
4.02519
4.03038