2.87211
2.87651
2.88092
2.88533
2.88973
2.89414
2.89854
2.90295
2.90735
2.91176
2.91617
2.92057
2.92498
2.92938
2.93379
2.93819
2.9426
2.94701
2.95141
2.95582
2.96022
2.96463
2.96903
2.97344
2.97785
2.98225
2.98666
2.99106
2.99547
2.99987
3.00428
3.00869
3.01309
3.0175
3.0219
3.02631
3.03072
3.03512
3.03953
3.04393
3.04834
3.05274
3.05715
3.06156
3.06596
3.07037
3.07477
3.07918
3.08358
3.08799
3.0924
3.0968
3.10121
3.10561
3.11002
3.11442
3.11883
3.12324
3.12764
3.13205
3.13645
3.14086
3.14526
3.14967
3.15408
3.15848
3.16289
3.16729
3.1717
3.17611
3.18051
3.18492
3.18932
3.19373
3.19813
3.20254
3.20695
3.21135
3.21576
3.22016
3.22457
3.22897
3.23338
3.23779
3.24219
3.2466
3.251
3.25541
3.25981
3.26422
3.26863
3.27303
3.27744
3.28184
3.28625
3.29065
3.29506
3.29947
3.30387
3.30828
3.31268
3.31709
3.3215
3.3259
3.33031
3.33471
3.33912
3.34352
3.34793
3.35234
3.35674
3.36115
3.36555
3.36996
3.37436
3.37877
3.38318
3.38758
3.39199
3.39639
3.4008
3.4052
3.40961
3.41402
3.41842
3.42283
3.42723
3.43164
3.43604
3.44045
3.44486
3.44926
3.45367
3.45807
3.46248
3.46689
3.47129
3.4757
3.4801
3.48451
3.48891
3.49332
3.49773
3.50213
3.50654
3.51094
3.51535
3.51975
3.52416
3.52857
3.53297
3.53738
3.54178
3.54619
3.55059
3.555
3.55941
3.56381
3.56822
3.57262
3.57703
3.58143
3.58584
3.59025
3.59465
3.59906
3.60346
3.60787
3.61228
3.61668
3.62109
3.62549
3.6299
3.6343
3.63871
3.64312
3.64752
3.65193
3.65633
3.66074
3.66514
3.66955
3.67396
3.67836
3.68277
3.68717
3.69158
3.69598
3.70039
3.7048
3.7092
3.71361
3.71801
3.72242
3.72682
3.73123
3.73564
3.74004
3.74445
3.74885
3.75326
3.75767
3.76207
3.76648
3.77088
3.77529
3.77969
3.7841
3.78851
3.79291
3.79732
3.80172
3.80613
3.81053
3.81494
3.81935
3.82375
3.82816
3.83256
3.83697
3.84137
3.84578
3.85019
3.85459
3.859
3.8634
3.86781
3.87221
3.87662
3.88103
3.88543
3.88984
3.89424
3.89865
3.90306
3.90746
3.91187
3.91627
3.92068
3.92508
3.92949
3.9339
3.9383
3.94271
3.94711
3.95152
3.95592
3.96033
3.96474
3.96914
3.97355
3.97795
3.98236
3.98676
3.99117
3.99558
3.99998
4.00439
4.00879
4.0132
4.0176
4.02201
4.02642
4.03082
4.03523
4.03963
4.04404
4.04845
4.05285
4.05726
4.06166
4.06607
4.07047
4.07488
4.07929
4.08369
4.0881
4.0925
4.09691
4.10131
4.10572
4.11013
4.11453
4.11894
4.12334
4.12775
4.13215
4.13656
4.14097
4.14537
4.14978
4.15418
4.15859
4.16299
4.1674
4.17181
4.17621
4.18062
4.18502
4.18943
4.19384
4.19824
4.20265
4.20705
4.21146
4.21586
4.22027
4.22468
4.22908
4.23349
4.23789
4.2423
4.2467
4.25111
4.25552
4.25992
4.26433
4.26873
4.27314
4.27754
4.28195
4.28636
4.29076
4.29517
4.29957
4.30398
4.30838
4.31279
4.3172
4.3216
4.32601
4.33041
4.33482
4.33923
4.34363
4.34804
4.35244
4.35685
4.36125
4.36566
4.37007
4.37447
4.37888
4.38328
4.38769
4.39209
4.3965
4.40091
4.40531
4.40972
4.41412
4.41853
4.42293
4.42734
4.43175
4.43615
4.44056
4.44496
4.44937
4.45377
4.45818
4.46259
4.46699
4.4714
4.4758
4.48021
4.48462
4.48902
4.49343
4.49783
4.50224
4.50664
4.51105
4.51546
4.51986
4.52427
4.52867
4.53308
4.53748
4.54189
4.5463
4.5507
4.55511
4.55951
4.56392
4.56832
4.57273
4.57714
4.58154
4.58595
4.59035
4.59476
4.59916
4.60357
4.60798
4.61238
4.61679
4.62119
4.6256
4.63001
4.63441
4.63882
4.64322
4.64763
4.65203
4.65644
4.66085
4.66525
4.66966
4.67406
4.67847
4.68287
4.68728
4.69169
4.69609
4.7005
4.7049
4.70931
4.71371
4.71812
4.72253
4.72693
4.73134
4.73574
4.74015
4.74455
4.74896
4.75337
4.75777
4.76218
4.76658
4.77099
4.7754
4.7798
4.78421
4.78861
4.79302
4.79742
4.80183
4.80624
4.81064
4.81505
4.81945
4.82386
4.82826
4.83267
4.83708
4.84148
4.84589
4.85029
4.8547
4.8591
4.86351
4.86792
4.87232
4.87673
4.88113
4.88554
4.88994
4.89435
4.89876
4.90316
4.90757
4.91197
4.91638
4.92079
4.92519
4.9296
4.934
4.93841
4.94281
4.94722
4.95163
4.95603
4.96044
4.96484
4.96925
4.97365
4.97806
4.98247
4.98687
4.99128
4.99568
5.00009
5.00449
5.0089
5.01331
5.01771
5.02212
5.02652
5.03093
5.03533
5.03974
5.04415
5.04855
5.05296
5.05736
5.06177
5.06618
5.07058
5.07499
5.07939
5.0838
5.0882
5.09261
5.09702
5.10142
5.10583
5.11023
5.11464
5.11904
5.12345
5.12786
5.13226
5.13667
5.14107
5.14548
5.14988
5.15429
5.1587
5.1631
5.16751
5.17191
5.17632
5.18072
5.18513
5.18954
5.19394
5.19835
5.20275
5.20716
5.21157
5.21597
5.22038
5.22478
5.22919
5.23359
5.238
5.24241
5.24681
5.25122
5.25562
5.26003
5.26443
5.26884
5.27325
5.27765
5.28206
5.28646
5.29087
5.29527
5.29968
5.30408
5.30849
5.3129
5.3173
5.32171
5.32611
5.33052
5.33492
5.33933
5.34374
5.34814
5.35255
5.35695
5.36136
5.36576
5.37017
5.37457
5.37898
5.38338
5.38779
5.3922
5.3966
5.40101
5.40541
5.40982
5.41422
5.41863
5.42303
5.42744
5.43184
5.43625
5.44065
5.44506
5.44946
5.45387
5.45827
5.46268
5.46708
5.47149
5.47589
5.48029
5.4847
5.4891
5.49351
5.49791
5.50231
5.50672
5.51112
5.51552
5.51993
5.52433
5.52873
5.53313
5.53753
5.54194
5.54634
5.55074
5.55514
5.55954
5.56394
5.56834
5.57274
5.57714
5.58154
5.58593
5.59033
5.59473
5.59912
5.60352
5.60791
5.61231
5.6167
5.62109
5.62548
5.62987
5.63426
5.63865
5.64303
5.64742
5.6518
5.65618
5.66056
5.66494
5.66931
5.67369
5.67806
5.68243
5.68679
5.69116
5.69552
5.69987
5.70423
5.70857
5.71292
5.71726
5.7216
5.72593
5.73026
5.73458
5.73889
5.7432
5.7475
5.75179
5.75608
5.76035
5.76462
5.76888
5.77313
5.77736
5.78159
5.7858
5.78999
5.79417
5.79834
5.80249
5.80662
5.81073
5.81481
5.81888
5.82292
5.82694
5.83093
5.83488
5.83881
5.8427
5.84655
5.85037
5.85414
5.85787
5.86155
5.86518
5.86875
5.87226
5.87571
5.87909
5.8824
5.88563
5.88878
5.89184
5.8948
5.89766
5.90041
5.90304
5.90554
5.90791
5.91014
5.91222
5.91412
5.91586
5.9174
5.91875
5.91988
5.92078
5.92143
5.92182
5.92193
5.92175
5.92124
5.9204
5.91919
5.9176
5.91559
5.91314
5.91023
5.90682
5.90288
5.89837
5.89327
5.88753
5.88112
5.87398
5.86609
5.8574
5.84785
5.8374
5.82601
5.8136
5.80014
5.78556
5.76982
5.75283
5.73456
5.71493
5.69389
5.67137
5.6473
5.62164
5.59431
5.56526
5.53443
5.50176
5.46721
5.43072
5.39226
5.35179
5.30928
5.26471
5.21806
5.16933
5.11852
5.06565
5.01075
4.95386
4.89502
4.83431
4.7718
4.70759
4.64177
4.57447
4.50582
4.43595
4.36502
4.29319
4.22063
4.14751
4.07402
4.00035
3.92667
3.85318
3.78006
3.70749
3.63565
3.56471
3.49483
3.42616
3.35885
3.29302
3.22878
3.16626
3.10553
3.04667
2.98976
2.93484
2.88195
2.83112
2.78236
2.73569
2.6911
2.64856
2.60807
2.56959
2.53309
2.49852
2.46583
2.43498
2.40592
2.37857
2.35289
2.32881
2.30627
2.28522
2.26558
2.24729
2.2303
2.21453
2.19995
2.18648
2.17406
2.16266
2.1522
2.14265
2.13395
2.12605
2.11891
2.11249
2.10675
2.10164
2.09713
2.09318
2.08977
2.08685
2.0844
2.08239
2.0808
2.07959
2.07874
2.07823
2.07804
2.07815
2.07854
2.0792
2.0801
2.08122
2.08257
2.08411
2.08584
2.08775
2.08982
2.09205
2.09442
2.09693
2.09956
2.10231
2.10517
2.10813
2.11118
2.11433
2.11756
2.12087
2.12425
2.1277
2.13121
2.13478
2.13841
2.14209
2.14582
2.14959
2.15341
2.15726
2.16115
2.16508
2.16904
2.17302
2.17704
2.18108
2.18515
2.18924
2.19335
2.19748
2.20162
2.20579
2.20997
2.21417
2.21838
2.2226
2.22684
2.23108
2.23534
2.23961
2.24388
2.24817
2.25246
2.25676
2.26107
2.26539
2.26971
2.27403
2.27836
2.2827
2.28704
2.29139
2.29574
2.30009
2.30445
2.30881
2.31317
2.31754
2.32191
2.32628
2.33065
2.33503
2.3394
2.34378
2.34816
2.35255
2.35693
2.36132
2.3657
2.37009
2.37448
2.37887
2.38326
2.38766
2.39205
2.39645
2.40084
2.40524
2.40963
2.41403
2.41843
2.42283
2.42722
2.43162
2.43602
2.44042
2.44482
2.44922
2.45363
2.45803
2.46243
2.46683
2.47123
2.47564
2.48004
2.48444
2.48884
2.49325
2.49765
2.50205
2.50646
2.51086
2.51527
2.51967
2.52407
2.52848
2.53288
2.53729
2.54169
2.5461
2.5505
2.55491
2.55931
2.56372
2.56812
2.57253
2.57693
2.58134
2.58574
2.59015
2.59455
2.59896
2.60336
2.60777
2.61217
2.61658
2.62098
2.62539
2.6298
2.6342
2.63861
2.64301
2.64742
2.65182
2.65623
2.66063
2.66504
2.66945
2.67385
2.67826
2.68266
2.68707
2.69147
2.69588
2.70028
2.70469
2.7091
2.7135
2.71791
2.72231
2.72672
2.73112
2.73553
2.73994
2.74434
2.74875
2.75315
2.75756
2.76196
2.76637
2.77078
2.77518
2.77959
2.78399
2.7884
2.7928
2.79721
2.80162
2.80602
2.81043
2.81483
2.81924
2.82364
2.82805
2.83246
2.83686
2.84127
2.84567
2.85008
2.85448
2.85889
2.8633
2.8677