2.86884
2.93926
3.00963
3.08011
3.15043
3.22096
3.29123
3.36181
3.43203
3.50266
3.57282
3.64351
3.71362
3.78436
3.85442
3.92521
3.99522
4.06606
4.13602
4.20691
4.27682
4.34776
4.41762
4.48861
4.55841
4.62946
4.69921
4.77032
4.84
4.91118
4.98079
5.05204
5.12158
5.1929
5.26236
5.33378
5.40313
5.47467
5.54388
5.61555
5.68449
5.75611
5.82375
5.89206
5.94577
5.96578
5.84527
5.3314
4.11858
2.80417
2.17334
2.02699
2.04157
2.09842
2.16583
2.23527
2.30571
2.37588
2.44645
2.51671
2.58724
2.65756
2.72804
2.79841