2.87215
2.94258
3.01313
3.08357
3.15412
3.22456
3.2951
3.36555
3.43608
3.50654
3.57706
3.64753
3.71804
3.78852
3.85902
3.92951
4
4.0705
4.14098
4.21149
4.28195
4.35248
4.42293
4.49347
4.56391
4.63446
4.70489
4.77545
4.84587
4.91645
4.98684
5.05744
5.12782
5.19844
5.26879
5.33944
5.40975
5.48042
5.55065
5.62124
5.69104
5.76053
5.82676
5.8858
5.92039
5.88745
5.67031
5.06505
3.99971
2.93539
2.32931
2.11282
2.07941
2.11436
2.17312
2.23958
2.30887
2.37884
2.44928
2.51964
2.5902
2.6606
2.73117
2.80159