2.87212
2.88974
2.90736
2.92499
2.94261
2.96023
2.97786
2.99548
3.0131
3.03073
3.04835
3.06597
3.0836
3.10122
3.11884
3.13647
3.15409
3.17171
3.18933
3.20696
3.22458
3.2422
3.25983
3.27745
3.29507
3.3127
3.33032
3.34794
3.36557
3.38319
3.40081
3.41843
3.43606
3.45368
3.4713
3.48893
3.50655
3.52417
3.5418
3.55942
3.57704
3.59467
3.61229
3.62991
3.64754
3.66516
3.68278
3.7004
3.71803
3.73565
3.75327
3.7709
3.78852
3.80614
3.82377
3.84139
3.85901
3.87664
3.89426
3.91188
3.9295
3.94713
3.96475
3.98237
4
4.01762
4.03524
4.05287
4.07049
4.08811
4.10574
4.12336
4.14098
4.1586
4.17623
4.19385
4.21147
4.2291
4.24672
4.26434
4.28197
4.29959
4.31721
4.33484
4.35246
4.37008
4.38771
4.40533
4.42295
4.44057
4.4582
4.47582
4.49344
4.51107
4.52869
4.54631
4.56394
4.58156
4.59918
4.61681
4.63443
4.65205
4.66967
4.6873
4.70492
4.72254
4.74017
4.75779
4.77541
4.79304
4.81066
4.82828
4.84591
4.86353
4.88115
4.89878
4.9164
4.93402
4.95164
4.96927
4.98689
5.00451
5.02214
5.03976
5.05738
5.07501
5.09263
5.11025
5.12788
5.1455
5.16312
5.18074
5.19837
5.21599
5.23361
5.25124
5.26886
5.28648
5.30411
5.32173
5.33935
5.35697
5.37459
5.39222
5.40984
5.42746
5.44508
5.4627
5.48031
5.49793
5.51554
5.53315
5.55076
5.56836
5.58595
5.60354
5.62111
5.63867
5.6562
5.67371
5.69117
5.70859
5.72595
5.74321
5.76037
5.77737
5.79418
5.81073
5.82694
5.84269
5.85786
5.87224
5.8856
5.8976
5.90784
5.91576
5.92065
5.92159
5.91739
5.90656
5.88721
5.85701
5.81314
5.75229
5.67074
5.56456
5.42996
5.26392
5.06486
4.83358
4.57384
4.29271
4.00006
3.7074
3.42626
3.16651
2.93521
2.73615
2.57009
2.43548
2.32929
2.24773
2.18687
2.14299
2.11279
2.09344
2.08261
2.07841
2.07935
2.08423
2.09215
2.10239
2.1144
2.12775
2.14214
2.1573
2.17306
2.18926
2.20581
2.22262
2.23963
2.25678
2.27405
2.2914
2.30882
2.32629
2.34379
2.36133
2.37888
2.39646
2.41404
2.43163
2.44923
2.46684
2.48445
2.50206
2.51968
2.5373
2.55492
2.57254
2.59016
2.60778
2.6254
2.64302
2.66064
2.67827
2.69589
2.71351
2.73113
2.74876
2.76638
2.784
2.80163
2.81925
2.83687
2.8545