2.87212
2.94255
3.0131
3.08353
3.15408
3.22452
3.29506
3.36551
3.43604
3.5065
3.57702
3.64749
3.71799
3.78847
3.85897
3.92946
3.99995
4.07045
4.14093
4.21144
4.28191
4.35243
4.42288
4.49342
4.56386
4.63441
4.70484
4.7754
4.84581
4.91639
4.98678
5.05739
5.12776
5.19838
5.26873
5.33938
5.40969
5.48036
5.55059
5.62118
5.69098
5.76049
5.82676
5.88592
5.92076
5.88839
5.67215
5.06739
4.00057
2.93427
2.3279
2.11194
2.07897
2.11416
2.17302
2.23952
2.30884
2.3788
2.44926
2.51961
2.59017
2.66057
2.73114
2.80156