2.87212
2.87653
2.88093
2.88534
2.88974
2.89415
2.89856
2.90296
2.90737
2.91177
2.91618
2.92058
2.92499
2.9294
2.9338
2.93821
2.94261
2.94702
2.95142
2.95583
2.96024
2.96464
2.96905
2.97345
2.97786
2.98226
2.98667
2.99108
2.99548
2.99989
3.00429
3.0087
3.01311
3.01751
3.02192
3.02632
3.03073
3.03513
3.03954
3.04395
3.04835
3.05276
3.05716
3.06157
3.06597
3.07038
3.07479
3.07919
3.0836
3.088
3.09241
3.09682
3.10122
3.10563
3.11003
3.11444
3.11884
3.12325
3.12766
3.13206
3.13647
3.14087
3.14528
3.14968
3.15409
3.1585
3.1629
3.16731
3.17171
3.17612
3.18052
3.18493
3.18934
3.19374
3.19815
3.20255
3.20696
3.21137
3.21577
3.22018
3.22458
3.22899
3.23339
3.2378
3.24221
3.24661
3.25102
3.25542
3.25983
3.26423
3.26864
3.27305
3.27745
3.28186
3.28626
3.29067
3.29508
3.29948
3.30389
3.30829
3.3127
3.3171
3.32151
3.32592
3.33032
3.33473
3.33913
3.34354
3.34794
3.35235
3.35676
3.36116
3.36557
3.36997
3.37438
3.37878
3.38319
3.3876
3.392
3.39641
3.40081
3.40522
3.40963
3.41403
3.41844
3.42284
3.42725
3.43165
3.43606
3.44047
3.44487
3.44928
3.45368
3.45809
3.46249
3.4669
3.47131
3.47571
3.48012
3.48452
3.48893
3.49334
3.49774
3.50215
3.50655
3.51096
3.51536
3.51977
3.52418
3.52858
3.53299
3.53739
3.5418
3.5462
3.55061
3.55502
3.55942
3.56383
3.56823
3.57264
3.57704
3.58145
3.58586
3.59026
3.59467
3.59907
3.60348
3.60789
3.61229
3.6167
3.6211
3.62551
3.62991
3.63432
3.63873
3.64313
3.64754
3.65194
3.65635
3.66075
3.66516
3.66957
3.67397
3.67838
3.68278
3.68719
3.6916
3.696
3.70041
3.70481
3.70922
3.71362
3.71803
3.72244
3.72684
3.73125
3.73565
3.74006
3.74446
3.74887
3.75328
3.75768
3.76209
3.76649
3.7709
3.7753
3.77971
3.78412
3.78852
3.79293
3.79733
3.80174
3.80615
3.81055
3.81496
3.81936
3.82377
3.82817
3.83258
3.83699
3.84139
3.8458
3.8502
3.85461
3.85901
3.86342
3.86783
3.87223
3.87664
3.88104
3.88545
3.88986
3.89426
3.89867
3.90307
3.90748
3.91188
3.91629
3.9207
3.9251
3.92951
3.93391
3.93832
3.94272
3.94713
3.95154
3.95594
3.96035
3.96475
3.96916
3.97356
3.97797
3.98238
3.98678
3.99119
3.99559
4
4.00441
4.00881
4.01322
4.01762
4.02203
4.02643
4.03084
4.03525
4.03965
4.04406
4.04846
4.05287
4.05727
4.06168
4.06609
4.07049
4.0749
4.0793
4.08371
4.08812
4.09252
4.09693
4.10133
4.10574
4.11014
4.11455
4.11896
4.12336
4.12777
4.13217
4.13658
4.14098
4.14539
4.1498
4.1542
4.15861
4.16301
4.16742
4.17182
4.17623
4.18064
4.18504
4.18945
4.19385
4.19826
4.20267
4.20707
4.21148
4.21588
4.22029
4.22469
4.2291
4.23351
4.23791
4.24232
4.24672
4.25113
4.25553
4.25994
4.26435
4.26875
4.27316
4.27756
4.28197
4.28638
4.29078
4.29519
4.29959
4.304
4.3084
4.31281
4.31722
4.32162
4.32603
4.33043
4.33484
4.33924
4.34365
4.34806
4.35246
4.35687
4.36127
4.36568
4.37008
4.37449
4.3789
4.3833
4.38771
4.39211
4.39652
4.40093
4.40533
4.40974
4.41414
4.41855
4.42295
4.42736
4.43177
4.43617
4.44058
4.44498
4.44939
4.45379
4.4582
4.46261
4.46701
4.47142
4.47582
4.48023
4.48464
4.48904
4.49345
4.49785
4.50226
4.50666
4.51107
4.51548
4.51988
4.52429
4.52869
4.5331
4.5375
4.54191
4.54632
4.55072
4.55513
4.55953
4.56394
4.56834
4.57275
4.57716
4.58156
4.58597
4.59037
4.59478
4.59919
4.60359
4.608
4.6124
4.61681
4.62121
4.62562
4.63003
4.63443
4.63884
4.64324
4.64765
4.65205
4.65646
4.66087
4.66527
4.66968
4.67408
4.67849
4.6829
4.6873
4.69171
4.69611
4.70052
4.70492
4.70933
4.71374
4.71814
4.72255
4.72695
4.73136
4.73576
4.74017
4.74458
4.74898
4.75339
4.75779
4.7622
4.7666
4.77101
4.77542
4.77982
4.78423
4.78863
4.79304
4.79745
4.80185
4.80626
4.81066
4.81507
4.81947
4.82388
4.82829
4.83269
4.8371
4.8415
4.84591
4.85031
4.85472
4.85913
4.86353
4.86794
4.87234
4.87675
4.88116
4.88556
4.88997
4.89437
4.89878
4.90318
4.90759
4.912
4.9164
4.92081
4.92521
4.92962
4.93402
4.93843
4.94284
4.94724
4.95165
4.95605
4.96046
4.96486
4.96927
4.97368
4.97808
4.98249
4.98689
4.9913
4.99571
5.00011
5.00452
5.00892
5.01333
5.01773
5.02214
5.02655
5.03095
5.03536
5.03976
5.04417
5.04857
5.05298
5.05739
5.06179
5.0662
5.0706
5.07501
5.07942
5.08382
5.08823
5.09263
5.09704
5.10144
5.10585
5.11026
5.11466
5.11907
5.12347
5.12788
5.13228
5.13669
5.1411
5.1455
5.14991
5.15431
5.15872
5.16312
5.16753
5.17194
5.17634
5.18075
5.18515
5.18956
5.19397
5.19837
5.20278
5.20718
5.21159
5.21599
5.2204
5.22481
5.22921
5.23362
5.23802
5.24243
5.24683
5.25124
5.25565
5.26005
5.26446
5.26886
5.27327
5.27767
5.28208
5.28649
5.29089
5.2953
5.2997
5.30411
5.30851
5.31292
5.31733
5.32173
5.32614
5.33054
5.33495
5.33935
5.34376
5.34816
5.35257
5.35698
5.36138
5.36579
5.37019
5.3746
5.379
5.38341
5.38781
5.39222
5.39662
5.40103
5.40544
5.40984
5.41425
5.41865
5.42306
5.42746
5.43187
5.43627
5.44068
5.44508
5.44949
5.45389
5.4583
5.4627
5.4671
5.47151
5.47591
5.48032
5.48472
5.48913
5.49353
5.49793
5.50234
5.50674
5.51114
5.51555
5.51995
5.52435
5.52875
5.53316
5.53756
5.54196
5.54636
5.55076
5.55516
5.55956
5.56396
5.56836
5.57276
5.57716
5.58156
5.58596
5.59035
5.59475
5.59915
5.60354
5.60794
5.61233
5.61672
5.62111
5.6255
5.62989
5.63428
5.63867
5.64306
5.64744
5.65182
5.6562
5.66058
5.66496
5.66934
5.67371
5.67808
5.68245
5.68681
5.69118
5.69554
5.69989
5.70425
5.7086
5.71294
5.71728
5.72162
5.72595
5.73027
5.73459
5.73891
5.74322
5.74752
5.75181
5.75609
5.76037
5.76464
5.76889
5.77314
5.77738
5.7816
5.78581
5.79
5.79418
5.79835
5.80249
5.80662
5.81073
5.81482
5.81888
5.82292
5.82694
5.83092
5.83488
5.8388
5.84269
5.84654
5.85036
5.85413
5.85785
5.86153
5.86516
5.86873
5.87224
5.87568
5.87906
5.88236
5.88559
5.88873
5.89178
5.89474
5.89759
5.90034
5.90296
5.90546
5.90783
5.91005
5.91212
5.91402
5.91574
5.91728
5.91862
5.91974
5.92063
5.92127
5.92166
5.92176
5.92156
5.92104
5.92019
5.91897
5.91736
5.91534
5.91288
5.90995
5.90652
5.90256
5.89804
5.89292
5.88716
5.88073
5.87358
5.86566
5.85695
5.84738
5.83691
5.82549
5.81306
5.79958
5.78498
5.76921
5.7522
5.7339
5.71425
5.69318
5.67064
5.64655
5.62086
5.59351
5.56444
5.53359
5.50091
5.46634
5.42984
5.39137
5.35088
5.30836
5.26378
5.21713
5.1684
5.11759
5.06473
5.00984
4.95296
4.89414
4.83345
4.77097
4.70679
4.641
4.57374
4.50512
4.4353
4.36441
4.29263
4.22012
4.14706
4.07363
4.00001
3.92639
3.85295
3.77989
3.70738
3.6356
3.56472
3.49489
3.42627
3.35901
3.29323
3.22904
3.16656
3.10587
3.04705
2.99017
2.93528
2.88242
2.83161
2.78288
2.73622
2.69164
2.64912
2.60864
2.57017
2.53367
2.4991
2.46642
2.43556
2.40649
2.37914
2.35345
2.32937
2.30682
2.28575
2.2661
2.2478
2.2308
2.21502
2.20042
2.18694
2.17451
2.16309
2.15262
2.14305
2.13434
2.12642
2.11927
2.11284
2.10708
2.10196
2.09744
2.09348
2.09005
2.08712
2.08466
2.08264
2.08103
2.07981
2.07896
2.07844
2.07824
2.07834
2.07873
2.07937
2.08026
2.08138
2.08272
2.08425
2.08598
2.08788
2.08995
2.09217
2.09454
2.09704
2.09966
2.1024
2.10526
2.10821
2.11127
2.11441
2.11764
2.12094
2.12432
2.12776
2.13127
2.13484
2.13847
2.14215
2.14587
2.14964
2.15345
2.15731
2.1612
2.16512
2.16908
2.17306
2.17708
2.18112
2.18518
2.18927
2.19338
2.19751
2.20165
2.20582
2.21
2.21419
2.2184
2.22262
2.22686
2.23111
2.23536
2.23963
2.2439
2.24819
2.25248
2.25678
2.26109
2.2654
2.26972
2.27405
2.27838
2.28272
2.28706
2.2914
2.29575
2.30011
2.30446
2.30882
2.31319
2.31755
2.32192
2.32629
2.33066
2.33504
2.33942
2.3438
2.34818
2.35256
2.35694
2.36133
2.36572
2.37011
2.37449
2.37889
2.38328
2.38767
2.39206
2.39646
2.40085
2.40525
2.40964
2.41404
2.41844
2.42284
2.42724
2.43164
2.43603
2.44043
2.44484
2.44924
2.45364
2.45804
2.46244
2.46684
2.47124
2.47565
2.48005
2.48445
2.48886
2.49326
2.49766
2.50207
2.50647
2.51087
2.51528
2.51968
2.52409
2.52849
2.53289
2.5373
2.5417
2.54611
2.55051
2.55492
2.55932
2.56373
2.56813
2.57254
2.57694
2.58135
2.58575
2.59016
2.59456
2.59897
2.60337
2.60778
2.61219
2.61659
2.621
2.6254
2.62981
2.63421
2.63862
2.64302
2.64743
2.65183
2.65624
2.66065
2.66505
2.66946
2.67386
2.67827
2.68267
2.68708
2.69149
2.69589
2.7003
2.7047
2.70911
2.71351
2.71792
2.72233
2.72673
2.73114
2.73554
2.73995
2.74435
2.74876
2.75317
2.75757
2.76198
2.76638
2.77079
2.77519
2.7796
2.78401
2.78841
2.79282
2.79722
2.80163
2.80603
2.81044
2.81485
2.81925
2.82366
2.82806
2.83247
2.83687
2.84128
2.84569
2.85009
2.8545
2.8589
2.86331
2.86771