2.8721
2.90735
2.9426
2.97784
3.01309
3.04833
3.08358
3.11883
3.15407
3.18932
3.22456
3.25981
3.29506
3.3303
3.36555
3.40079
3.43604
3.47129
3.50653
3.54178
3.57702
3.61227
3.64752
3.68276
3.71801
3.75325
3.7885
3.82375
3.85899
3.89424
3.92948
3.96473
3.99998
4.03522
4.07047
4.10571
4.14096
4.17621
4.21145
4.2467
4.28194
4.31719
4.35244
4.38768
4.42293
4.45818
4.49342
4.52867
4.56391
4.59916
4.63441
4.66965
4.7049
4.74014
4.77539
4.81064
4.84588
4.88113
4.91637
4.95162
4.98687
5.02211
5.05736
5.0926
5.12785
5.1631
5.19834
5.23359
5.26883
5.30408
5.33932
5.37457
5.40981
5.44505
5.48029
5.51552
5.55073
5.58593
5.62108
5.65617
5.69115
5.72592
5.76035
5.79417
5.82694
5.85788
5.88565
5.90794
5.92082
5.91767
5.88764
5.81376
5.67157
5.43098
5.06591
4.57468
4.00045
3.42613
2.93471
2.56943
2.32865
2.18635
2.11239
2.08232
2.07915
2.09202
2.11431
2.14207
2.17301
2.20578
2.2396
2.27403
2.3088
2.34378
2.37887
2.41403
2.44922
2.48444
2.51967
2.5549
2.59014
2.62539
2.66063
2.69588
2.73112
2.76637
2.80161
2.83686