2.87212
2.88974
2.90737
2.92499
2.94261
2.96024
2.97786
2.99548
3.01311
3.03073
3.04835
3.06598
3.0836
3.10122
3.11884
3.13647
3.15409
3.17171
3.18934
3.20696
3.22458
3.24221
3.25983
3.27745
3.29508
3.3127
3.33032
3.34794
3.36557
3.38319
3.40081
3.41844
3.43606
3.45368
3.47131
3.48893
3.50655
3.52418
3.5418
3.55942
3.57705
3.59467
3.61229
3.62991
3.64754
3.66516
3.68278
3.70041
3.71803
3.73565
3.75328
3.7709
3.78852
3.80615
3.82377
3.84139
3.85902
3.87664
3.89426
3.91188
3.92951
3.94713
3.96475
3.98238
4
4.01762
4.03525
4.05287
4.07049
4.08812
4.10574
4.12336
4.14098
4.15861
4.17623
4.19385
4.21148
4.2291
4.24672
4.26435
4.28197
4.29959
4.31722
4.33484
4.35246
4.37009
4.38771
4.40533
4.42295
4.44058
4.4582
4.47582
4.49345
4.51107
4.52869
4.54632
4.56394
4.58156
4.59919
4.61681
4.63443
4.65206
4.66968
4.6873
4.70492
4.72255
4.74017
4.75779
4.77542
4.79304
4.81066
4.82829
4.84591
4.86353
4.88116
4.89878
4.9164
4.93402
4.95165
4.96927
4.98689
5.00452
5.02214
5.03976
5.05739
5.07501
5.09263
5.11026
5.12788
5.1455
5.16313
5.18075
5.19837
5.21599
5.23362
5.25124
5.26886
5.28649
5.30411
5.32173
5.33935
5.35698
5.3746
5.39222
5.40984
5.42746
5.44508
5.4627
5.48032
5.49793
5.51555
5.53316
5.55076
5.56836
5.58596
5.60354
5.62111
5.63867
5.6562
5.67371
5.69118
5.7086
5.72595
5.74322
5.76037
5.77738
5.79418
5.81073
5.82694
5.84269
5.85785
5.87223
5.88559
5.89759
5.90783
5.91574
5.92063
5.92156
5.91735
5.90651
5.88715
5.85694
5.81305
5.75219
5.67062
5.56443
5.42982
5.26377
5.06472
4.83344
4.57372
4.29262
4
3.70738
3.42628
3.16656
2.93529
2.73623
2.57018
2.43557
2.32938
2.24781
2.18695
2.14306
2.11285
2.09349
2.08265
2.07844
2.07937
2.08426
2.09217
2.10241
2.11441
2.12777
2.14215
2.15731
2.17306
2.18927
2.20582
2.22262
2.23963
2.25678
2.27405
2.2914
2.30882
2.32629
2.3438
2.36133
2.37889
2.39646
2.41404
2.43164
2.44924
2.46684
2.48445
2.50207
2.51968
2.5373
2.55492
2.57254
2.59016
2.60778
2.6254
2.64302
2.66065
2.67827
2.69589
2.71351
2.73114
2.74876
2.76638
2.78401
2.80163
2.81925
2.83687
2.8545