2.87211
2.90736
2.9426
2.97785
3.0131
3.04834
3.08359
3.11884
3.15408
3.18933
3.22457
3.25982
3.29507
3.33031
3.36556
3.4008
3.43605
3.4713
3.50654
3.54179
3.57703
3.61228
3.64753
3.68277
3.71802
3.75327
3.78851
3.82376
3.859
3.89425
3.9295
3.96474
3.99999
4.03523
4.07048
4.10573
4.14097
4.17622
4.21147
4.24671
4.28196
4.3172
4.35245
4.3877
4.42294
4.45819
4.49343
4.52868
4.56393
4.59917
4.63442
4.66966
4.70491
4.74016
4.7754
4.81065
4.8459
4.88114
4.91639
4.95163
4.98688
5.02213
5.05737
5.09262
5.12786
5.16311
5.19836
5.2336
5.26885
5.30409
5.33934
5.37458
5.40983
5.44507
5.4803
5.51553
5.55075
5.58594
5.6211
5.65619
5.69116
5.72594
5.76036
5.79418
5.82694
5.85787
5.88562
5.90788
5.92072
5.91751
5.88739
5.81341
5.6711
5.4304
5.06531
4.5742
4.00022
3.4262
2.935
2.56981
2.32902
2.18665
2.11262
2.08248
2.07926
2.09209
2.11436
2.14211
2.17304
2.2058
2.23962
2.27404
2.30881
2.34379
2.37888
2.41403
2.44923
2.48445
2.51967
2.55491
2.59015
2.62539
2.66064
2.69588
2.73113
2.76637
2.80162
2.83687