4.00227
3.65373
3.3378
3.07687
2.8787
2.73922
2.64821
2.59406
2.56645
2.55728
2.56059
2.57224
2.58939
2.61016
2.63327
2.65793
2.68358
2.70988
2.7366
2.76359
2.79076
2.81804
2.8454
2.8728
2.90024
2.92769
2.95516
2.98264
3.01012
3.03761
3.0651
3.09259
3.12008
3.14757
3.17506
3.20255
3.23005
3.25754
3.28503
3.31252
3.34002
3.36751
3.395
3.42249
3.44999
3.47748
3.50497
3.53247
3.55996
3.58745
3.61494
3.64244
3.66993
3.69742
3.72491
3.75241
3.7799
3.80739
3.83489
3.86238
3.88987
3.91736
3.94486
3.97235
3.99984
4.02733
4.05483
4.08232
4.10981
4.13731
4.1648
4.19229
4.21978
4.24728
4.27477
4.30226
4.32975
4.35725
4.38474
4.41223
4.43973
4.46722
4.49471
4.5222
4.5497
4.57719
4.60468
4.63217
4.65967
4.68716
4.71465
4.74214
4.76964
4.79713
4.82462
4.85211
4.87961
4.9071
4.93459
4.96207
4.98956
5.01704
5.04452
5.07199
5.09944
5.12688
5.15428
5.18164
5.20892
5.23609
5.26308
5.2898
5.3161
5.34175
5.36641
5.38953
5.41031
5.4275
5.43921
5.44262
5.4336
5.40625
5.35248
5.26201
5.12324
4.92592
4.66584
4.35056