2.87212
2.88974
2.90736
2.92499
2.94261
2.96023
2.97786
2.99548
3.0131
3.03072
3.04835
3.06597
3.08359
3.10122
3.11884
3.13646
3.15409
3.17171
3.18933
3.20696
3.22458
3.2422
3.25982
3.27745
3.29507
3.31269
3.33032
3.34794
3.36556
3.38319
3.40081
3.41843
3.43606
3.45368
3.4713
3.48892
3.50655
3.52417
3.54179
3.55942
3.57704
3.59466
3.61229
3.62991
3.64753
3.66516
3.68278
3.7004
3.71802
3.73565
3.75327
3.77089
3.78852
3.80614
3.82376
3.84139
3.85901
3.87663
3.89426
3.91188
3.9295
3.94712
3.96475
3.98237
3.99999
4.01762
4.03524
4.05286
4.07049
4.08811
4.10573
4.12336
4.14098
4.1586
4.17623
4.19385
4.21147
4.22909
4.24672
4.26434
4.28196
4.29959
4.31721
4.33483
4.35246
4.37008
4.3877
4.40533
4.42295
4.44057
4.45819
4.47582
4.49344
4.51106
4.52869
4.54631
4.56393
4.58156
4.59918
4.6168
4.63443
4.65205
4.66967
4.68729
4.70492
4.72254
4.74016
4.75779
4.77541
4.79303
4.81066
4.82828
4.8459
4.86353
4.88115
4.89877
4.91639
4.93402
4.95164
4.96926
4.98689
5.00451
5.02213
5.03976
5.05738
5.075
5.09263
5.11025
5.12787
5.14549
5.16312
5.18074
5.19836
5.21599
5.23361
5.25123
5.26886
5.28648
5.3041
5.32172
5.33935
5.35697
5.37459
5.39221
5.40983
5.42745
5.44507
5.46269
5.48031
5.49793
5.51554
5.53315
5.55076
5.56836
5.58595
5.60353
5.62111
5.63866
5.6562
5.6737
5.69117
5.70859
5.72594
5.74321
5.76037
5.77737
5.79418
5.81073
5.82694
5.84269
5.85786
5.87224
5.8856
5.89761
5.90786
5.91578
5.92067
5.92162
5.91743
5.90661
5.88727
5.85709
5.81323
5.75239
5.67086
5.56469
5.43011
5.26407
5.06501
4.83372
4.57396
4.2928
4.00011
3.70741
3.42624
3.16647
2.93514
2.73606
2.56999
2.43539
2.3292
2.24764
2.1868
2.14293
2.11273
2.09339
2.08257
2.07838
2.07932
2.08421
2.09213
2.10237
2.11439
2.12774
2.14213
2.15729
2.17305
2.18926
2.20581
2.22262
2.23962
2.25678
2.27405
2.2914
2.30882
2.32629
2.34379
2.36133
2.37888
2.39645
2.41404
2.43163
2.44923
2.46684
2.48445
2.50206
2.51968
2.5373
2.55491
2.57253
2.59015
2.60778
2.6254
2.64302
2.66064
2.67826
2.69589
2.71351
2.73113
2.74876
2.76638
2.784
2.80162
2.81925
2.83687
2.85449