4.00915
3.3341
2.87038
2.64085
2.56155
2.55767
2.58771
2.63227
2.68293
2.73611
2.79036
2.84502
2.89988
2.9548
3.00977
3.06473
3.11971
3.17468
3.22967
3.28464
3.33962
3.3946
3.44958
3.50456
3.55954
3.61452
3.6695
3.72447
3.77945
3.83443
3.88941
3.94439
3.99937
4.05435
4.10933
4.16431
4.21928
4.27427
4.32924
4.38422
4.4392
4.49418
4.54916
4.60414
4.65911
4.7141
4.76907
4.82406
4.87902
4.93401
4.98897
5.04394
5.09885
5.15371
5.20836
5.26261
5.31577
5.36647
5.41109
5.44149
5.43856
5.36177
5.13723
4.68055