4.00057
3.82483
3.65343
3.49031
3.33873
3.20103
3.0786
2.97193
2.88077
2.80428
2.74128
2.69036
2.65005
2.61892
2.5956
2.57889
2.56769
2.56108
2.55825
2.55852
2.56134
2.56623
2.57281
2.58076
2.58982
2.59979
2.61049
2.62177
2.63353
2.64568
2.65813
2.67084
2.68375
2.69682
2.71002
2.72333
2.73672
2.75019
2.7637
2.77726
2.79086
2.80449
2.81814
2.83181
2.84549
2.85919
2.87289
2.88661
2.90033
2.91405
2.92778
2.94152
2.95525
2.96899
2.98273
2.99647
3.01021
3.02396
3.0377
3.05144
3.06519
3.07893
3.09268
3.10642
3.12017
3.13392
3.14766
3.16141
3.17516
3.1889
3.20265
3.2164
3.23014
3.24389
3.25764
3.27138
3.28513
3.29888
3.31262
3.32637
3.34012
3.35386
3.36761
3.38136
3.3951
3.40885
3.4226
3.43634
3.45009
3.46384
3.47758
3.49133
3.50508
3.51882
3.53257
3.54632
3.56006
3.57381
3.58756
3.6013
3.61505
3.6288
3.64254
3.65629
3.67004
3.68378
3.69753
3.71128
3.72503
3.73877
3.75252
3.76627
3.78001
3.79376
3.80751
3.82125
3.835
3.84875
3.86249
3.87624
3.88999
3.90373
3.91748
3.93123
3.94497
3.95872
3.97247
3.98621
3.99996
4.01371
4.02745
4.0412
4.05495
4.06869
4.08244
4.09619
4.10993
4.12368
4.13743
4.15117
4.16492
4.17867
4.19242
4.20616
4.21991
4.23366
4.2474
4.26115
4.2749
4.28864
4.30239
4.31614
4.32988
4.34363
4.35738
4.37112
4.38487
4.39862
4.41236
4.42611
4.43986
4.4536
4.46735
4.4811
4.49484
4.50859
4.52234
4.53608
4.54983
4.56358
4.57732
4.59107
4.60482
4.61856
4.63231
4.64606
4.6598
4.67355
4.6873
4.70105
4.71479
4.72854
4.74229
4.75603
4.76978
4.78353
4.79727
4.81102
4.82476
4.83851
4.85226
4.866
4.87975
4.8935
4.90724
4.92099
4.93473
4.94848
4.96222
4.97597
4.98971
5.00345
5.01719
5.03093
5.04467
5.0584
5.07214
5.08587
5.09959
5.11331
5.12703
5.14073
5.15443
5.16811
5.18178
5.19543
5.20906
5.22266
5.23622
5.24973
5.2632
5.27659
5.2899
5.3031
5.31617
5.32908
5.34178
5.35424
5.36639
5.37815
5.38944
5.40013
5.4101
5.41917
5.42713
5.43372
5.43861
5.44144
5.44173
5.43891
5.43232
5.42115
5.40447
5.3812
5.35012
5.30988
5.25903
5.19611
5.11972
5.02866
4.9221
4.79978
4.66218
4.51069
4.34764
4.17628