4.00014
3.91209
3.82458
3.73817
3.65335
3.57062
3.4904
3.41307
3.33896
3.26832
3.20137
3.13824
3.07903
3.02376
2.97242
2.92495
2.88128
2.84128
2.8048
2.7717
2.74179
2.7149
2.69085
2.66945
2.65051
2.63387
2.61934
2.60677
2.59599
2.58686
2.57924
2.57299
2.568
2.56416
2.56135
2.55949
2.55849
2.55826
2.55873
2.55984
2.56152
2.56372
2.56639
2.56948
2.57295
2.57676
2.58088
2.58528
2.58993
2.59481
2.59989
2.60515
2.61057
2.61614
2.62185
2.62767
2.6336
2.63962
2.64574
2.65193
2.65819
2.66451
2.67089
2.67732
2.68379
2.69031
2.69686
2.70344
2.71006
2.7167
2.72336
2.73005
2.73675
2.74348
2.75021
2.75697
2.76373
2.77051
2.77729
2.78409
2.79089
2.7977
2.80451
2.81134
2.81816
2.825
2.83183
2.83867
2.84552
2.85236
2.85921
2.86606
2.87292
2.87977
2.88663
2.89349
2.90035
2.90721
2.91408
2.92094
2.92781
2.93467
2.94154
2.94841
2.95527
2.96214
2.96901
2.97588
2.98275
2.98962
2.99649
3.00336
3.01024
3.01711
3.02398
3.03085
3.03772
3.04459
3.05147
3.05834
3.06521
3.07208
3.07896
3.08583
3.0927
3.09958
3.10645
3.11332
3.12019
3.12707
3.13394
3.14081
3.14769
3.15456
3.16143
3.16831
3.17518
3.18205
3.18893
3.1958
3.20267
3.20955
3.21642
3.22329
3.23017
3.23704
3.24391
3.25079
3.25766
3.26453
3.27141
3.27828
3.28515
3.29203
3.2989
3.30577
3.31265
3.31952
3.32639
3.33327
3.34014
3.34701
3.35389
3.36076
3.36763
3.37451
3.38138
3.38825
3.39513
3.402
3.40887
3.41575
3.42262
3.4295
3.43637
3.44324
3.45012
3.45699
3.46386
3.47074
3.47761
3.48448
3.49136
3.49823
3.5051
3.51198
3.51885
3.52572
3.5326
3.53947
3.54634
3.55322
3.56009
3.56696
3.57384
3.58071
3.58758
3.59446
3.60133
3.6082
3.61508
3.62195
3.62882
3.6357
3.64257
3.64944
3.65632
3.66319
3.67007
3.67694
3.68381
3.69069
3.69756
3.70443
3.71131
3.71818
3.72505
3.73193
3.7388
3.74567
3.75255
3.75942
3.76629
3.77317
3.78004
3.78691
3.79379
3.80066
3.80753
3.81441
3.82128
3.82815
3.83503
3.8419
3.84877
3.85565
3.86252
3.86939
3.87627
3.88314
3.89002
3.89689
3.90376
3.91064
3.91751
3.92438
3.93126
3.93813
3.945
3.95188
3.95875
3.96562
3.9725
3.97937
3.98624
3.99312
3.99999
4.00686
4.01374
4.02061
4.02748
4.03436
4.04123
4.0481
4.05498
4.06185
4.06872
4.0756
4.08247
4.08934
4.09622
4.10309
4.10997
4.11684
4.12371
4.13059
4.13746
4.14433
4.15121
4.15808
4.16495
4.17183
4.1787
4.18557
4.19245
4.19932
4.20619
4.21307
4.21994
4.22681
4.23369
4.24056
4.24743
4.25431
4.26118
4.26805
4.27493
4.2818
4.28867
4.29555
4.30242
4.30929
4.31617
4.32304
4.32991
4.33679
4.34366
4.35054
4.35741
4.36428
4.37116
4.37803
4.3849
4.39178
4.39865
4.40552
4.4124
4.41927
4.42614
4.43302
4.43989
4.44676
4.45364
4.46051
4.46738
4.47426
4.48113
4.488
4.49488
4.50175
4.50862
4.5155
4.52237
4.52924
4.53612
4.54299
4.54986
4.55674
4.56361
4.57049
4.57736
4.58423
4.59111
4.59798
4.60485
4.61173
4.6186
4.62547
4.63235
4.63922
4.64609
4.65297
4.65984
4.66671
4.67359
4.68046
4.68733
4.69421
4.70108
4.70795
4.71483
4.7217
4.72857
4.73545
4.74232
4.74919
4.75607
4.76294
4.76981
4.77669
4.78356
4.79043
4.79731
4.80418
4.81105
4.81793
4.8248
4.83167
4.83855
4.84542
4.85229
4.85917
4.86604
4.87291
4.87979
4.88666
4.89353
4.90041
4.90728
4.91415
4.92102
4.9279
4.93477
4.94164
4.94851
4.95539
4.96226
4.96913
4.976
4.98287
4.98974
4.99662
5.00349
5.01036
5.01723
5.0241
5.03097
5.03784
5.04471
5.05157
5.05844
5.06531
5.07217
5.07904
5.0859
5.09277
5.09963
5.10649
5.11335
5.12021
5.12706
5.13392
5.14077
5.14762
5.15446
5.16131
5.16815
5.17498
5.18182
5.18864
5.19547
5.20228
5.20909
5.21589
5.22269
5.22947
5.23625
5.24301
5.24977
5.2565
5.26323
5.26993
5.27662
5.28328
5.28992
5.29654
5.30312
5.30967
5.31619
5.32266
5.32909
5.33547
5.34179
5.34805
5.35424
5.36036
5.36638
5.37231
5.37814
5.38384
5.38941
5.39483
5.4001
5.40517
5.41005
5.4147
5.4191
5.42322
5.42703
5.43051
5.4336
5.43626
5.43847
5.44015
5.44126
5.44173
5.44151
5.4405
5.43864
5.43584
5.432
5.42701
5.42077
5.41315
5.40403
5.39326
5.38069
5.36617
5.34953
5.3306
5.30921
5.28517
5.25829
5.22839
5.19529
5.15883
5.11884
5.07518
5.02773
4.97641
4.92115
4.86195
4.79883
4.73189
4.66127
4.58717
4.50985
4.42964
4.34691
4.26211
4.17569
4.08819