2.87212
2.88093
2.88974
2.89855
2.90737
2.91618
2.92499
2.9338
2.94261
2.95142
2.96024
2.96905
2.97786
2.98667
2.99548
3.00429
3.0131
3.02192
3.03073
3.03954
3.04835
3.05716
3.06597
3.07479
3.0836
3.09241
3.10122
3.11003
3.11884
3.12765
3.13647
3.14528
3.15409
3.1629
3.17171
3.18052
3.18934
3.19815
3.20696
3.21577
3.22458
3.23339
3.2422
3.25102
3.25983
3.26864
3.27745
3.28626
3.29507
3.30389
3.3127
3.32151
3.33032
3.33913
3.34794
3.35676
3.36557
3.37438
3.38319
3.392
3.40081
3.40962
3.41844
3.42725
3.43606
3.44487
3.45368
3.46249
3.47131
3.48012
3.48893
3.49774
3.50655
3.51536
3.52417
3.53299
3.5418
3.55061
3.55942
3.56823
3.57704
3.58586
3.59467
3.60348
3.61229
3.6211
3.62991
3.63872
3.64754
3.65635
3.66516
3.67397
3.68278
3.69159
3.70041
3.70922
3.71803
3.72684
3.73565
3.74446
3.75328
3.76209
3.7709
3.77971
3.78852
3.79733
3.80614
3.81496
3.82377
3.83258
3.84139
3.8502
3.85901
3.86783
3.87664
3.88545
3.89426
3.90307
3.91188
3.92069
3.92951
3.93832
3.94713
3.95594
3.96475
3.97356
3.98238
3.99119
4
4.00881
4.01762
4.02643
4.03524
4.04406
4.05287
4.06168
4.07049
4.0793
4.08811
4.09693
4.10574
4.11455
4.12336
4.13217
4.14098
4.14979
4.15861
4.16742
4.17623
4.18504
4.19385
4.20266
4.21148
4.22029
4.2291
4.23791
4.24672
4.25553
4.26435
4.27316
4.28197
4.29078
4.29959
4.3084
4.31721
4.32603
4.33484
4.34365
4.35246
4.36127
4.37008
4.3789
4.38771
4.39652
4.40533
4.41414
4.42295
4.43176
4.44058
4.44939
4.4582
4.46701
4.47582
4.48463
4.49345
4.50226
4.51107
4.51988
4.52869
4.5375
4.54631
4.55513
4.56394
4.57275
4.58156
4.59037
4.59918
4.608
4.61681
4.62562
4.63443
4.64324
4.65205
4.66087
4.66968
4.67849
4.6873
4.69611
4.70492
4.71373
4.72255
4.73136
4.74017
4.74898
4.75779
4.7666
4.77542
4.78423
4.79304
4.80185
4.81066
4.81947
4.82828
4.8371
4.84591
4.85472
4.86353
4.87234
4.88115
4.88997
4.89878
4.90759
4.9164
4.92521
4.93402
4.94283
4.95165
4.96046
4.96927
4.97808
4.98689
4.9957
5.00452
5.01333
5.02214
5.03095
5.03976
5.04857
5.05738
5.0662
5.07501
5.08382
5.09263
5.10144
5.11025
5.11907
5.12788
5.13669
5.1455
5.15431
5.16312
5.17193
5.18075
5.18956
5.19837
5.20718
5.21599
5.2248
5.23362
5.24243
5.25124
5.26005
5.26886
5.27767
5.28648
5.2953
5.30411
5.31292
5.32173
5.33054
5.33935
5.34816
5.35697
5.36579
5.3746
5.38341
5.39222
5.40103
5.40984
5.41865
5.42746
5.43627
5.44508
5.45389
5.4627
5.47151
5.48032
5.48912
5.49793
5.50674
5.51555
5.52435
5.53316
5.54196
5.55076
5.55956
5.56836
5.57716
5.58596
5.59475
5.60354
5.61233
5.62111
5.62989
5.63867
5.64744
5.6562
5.66496
5.67371
5.68245
5.69118
5.69989
5.70859
5.71728
5.72595
5.73459
5.74322
5.75181
5.76037
5.76889
5.77737
5.78581
5.79418
5.80249
5.81073
5.81888
5.82694
5.83488
5.84269
5.85036
5.85786
5.86516
5.87224
5.87906
5.88559
5.89179
5.8976
5.90297
5.90783
5.91212
5.91575
5.91863
5.92064
5.92167
5.92157
5.9202
5.91737
5.91289
5.90654
5.89806
5.88718
5.8736
5.85698
5.83694
5.8131
5.78502
5.75224
5.71429
5.67068
5.62091
5.56449
5.50096
5.42989
5.35094
5.26384
5.16846
5.06479
4.95302
4.83351
4.70683
4.57378
4.43534
4.29267
4.14709
4.00003
3.85297
3.70739
3.56471
3.42627
3.29321
3.16654
3.04703
2.93525
2.83158
2.73619
2.64909
2.57013
2.49906
2.43553
2.37911
2.32933
2.28572
2.24777
2.21499
2.18691
2.16306
2.14303
2.1264
2.11282
2.10194
2.09346
2.08711
2.08263
2.0798
2.07843
2.07833
2.07936
2.08137
2.08425
2.08787
2.09216
2.09703
2.1024
2.10821
2.1144
2.12094
2.12776
2.13484
2.14214
2.14964
2.1573
2.16512
2.17306
2.18111
2.18927
2.1975
2.20581
2.21419
2.22262
2.2311
2.23963
2.24819
2.25678
2.2654
2.27405
2.28272
2.2914
2.30011
2.30882
2.31755
2.32629
2.33504
2.3438
2.35256
2.36133
2.3701
2.37888
2.38767
2.39646
2.40525
2.41404
2.42284
2.43163
2.44043
2.44924
2.45804
2.46684
2.47565
2.48445
2.49326
2.50207
2.51087
2.51968
2.52849
2.5373
2.54611
2.55492
2.56373
2.57254
2.58135
2.59016
2.59897
2.60778
2.61659
2.6254
2.63421
2.64302
2.65183
2.66065
2.66946
2.67827
2.68708
2.69589
2.7047
2.71351
2.72232
2.73114
2.73995
2.74876
2.75757
2.76638
2.77519
2.784
2.79282
2.80163
2.81044
2.81925
2.82806
2.83687
2.84569
2.8545
2.86331