4.00004
3.95598
3.912
3.86816
3.82452
3.78116
3.73813
3.6955
3.65334
3.61169
3.57062
3.53018
3.49042
3.45138
3.41311
3.37564
3.33901
3.30326
3.26839
3.23446
3.20146
3.16941
3.13834
3.10825
3.07913
3.05101
3.02387
2.99771
2.97254
2.94833
2.92508
2.90278
2.88141
2.86096
2.84141
2.82274
2.80493
2.78797
2.77183
2.75649
2.74192
2.72811
2.71503
2.70266
2.69097
2.67995
2.66957
2.6598
2.65063
2.64203
2.63398
2.62646
2.61945
2.61293
2.60687
2.60126
2.59609
2.59132
2.58695
2.58296
2.57933
2.57604
2.57308
2.57043
2.56808
2.56602
2.56423
2.5627
2.56142
2.56038
2.55956
2.55895
2.55855
2.55834
2.55832
2.55847
2.55879
2.55926
2.55989
2.56066
2.56157
2.56261
2.56377
2.56504
2.56643
2.56792
2.56952
2.57121
2.57298
2.57485
2.5768
2.57882
2.58091
2.58308
2.58531
2.58761
2.58996
2.59237
2.59483
2.59735
2.59991
2.60252
2.60517
2.60786
2.61059
2.61336
2.61616
2.619
2.62186
2.62476
2.62769
2.63064
2.63361
2.63662
2.63964
2.64268
2.64575
2.64884
2.65194
2.65506
2.6582
2.66135
2.66452
2.6677
2.6709
2.67411
2.67733
2.68056
2.6838
2.68705
2.69032
2.69359
2.69687
2.70016
2.70345
2.70676
2.71007
2.71338
2.71671
2.72004
2.72337
2.72671
2.73006
2.73341
2.73676
2.74012
2.74348
2.74685
2.75022
2.7536
2.75697
2.76035
2.76374
2.76712
2.77051
2.7739
2.7773
2.78069
2.78409
2.78749
2.79089
2.7943
2.7977
2.80111
2.80452
2.80793
2.81134
2.81476
2.81817
2.82159
2.825
2.82842
2.83184
2.83526
2.83868
2.8421
2.84552
2.84894
2.85237
2.85579
2.85922
2.86264
2.86607
2.8695
2.87292
2.87635
2.87978
2.88321
2.88664
2.89007
2.8935
2.89693
2.90036
2.90379
2.90722
2.91065
2.91408
2.91751
2.92095
2.92438
2.92781
2.93124
2.93468
2.93811
2.94154
2.94498
2.94841
2.95185
2.95528
2.95871
2.96215
2.96558
2.96902
2.97245
2.97589
2.97932
2.98276
2.98619
2.98963
2.99306
2.9965
2.99993
3.00337
3.00681
3.01024
3.01368
3.01711
3.02055
3.02398
3.02742
3.03086
3.03429
3.03773
3.04116
3.0446
3.04804
3.05147
3.05491
3.05834
3.06178
3.06522
3.06865
3.07209
3.07553
3.07896
3.0824
3.08584
3.08927
3.09271
3.09614
3.09958
3.10302
3.10645
3.10989
3.11333
3.11676
3.1202
3.12364
3.12707
3.13051
3.13395
3.13738
3.14082
3.14426
3.14769
3.15113
3.15457
3.158
3.16144
3.16488
3.16831
3.17175
3.17519
3.17862
3.18206
3.1855
3.18893
3.19237
3.19581
3.19924
3.20268
3.20612
3.20955
3.21299
3.21643
3.21986
3.2233
3.22674
3.23017
3.23361
3.23705
3.24048
3.24392
3.24736
3.25079
3.25423
3.25767
3.2611
3.26454
3.26798
3.27141
3.27485
3.27829
3.28172
3.28516
3.2886
3.29203
3.29547
3.29891
3.30234
3.30578
3.30922
3.31265
3.31609
3.31953
3.32296
3.3264
3.32984
3.33327
3.33671
3.34015
3.34358
3.34702
3.35046
3.35389
3.35733
3.36077
3.3642
3.36764
3.37108
3.37451
3.37795
3.38139
3.38482
3.38826
3.3917
3.39513
3.39857
3.40201
3.40544
3.40888
3.41232
3.41575
3.41919
3.42263
3.42606
3.4295
3.43294
3.43637
3.43981
3.44325
3.44669
3.45012
3.45356
3.457
3.46043
3.46387
3.46731
3.47074
3.47418
3.47762
3.48105
3.48449
3.48793
3.49136
3.4948
3.49824
3.50167
3.50511
3.50855
3.51198
3.51542
3.51886
3.52229
3.52573
3.52917
3.5326
3.53604
3.53948
3.54291
3.54635
3.54979
3.55322
3.55666
3.5601
3.56353
3.56697
3.57041
3.57384
3.57728
3.58072
3.58415
3.58759
3.59103
3.59446
3.5979
3.60134
3.60477
3.60821
3.61165
3.61508
3.61852
3.62196
3.62539
3.62883
3.63227
3.6357
3.63914
3.64258
3.64602
3.64945
3.65289
3.65633
3.65976
3.6632
3.66664
3.67007
3.67351
3.67695
3.68038
3.68382
3.68726
3.69069
3.69413
3.69757
3.701
3.70444
3.70788
3.71131
3.71475
3.71819
3.72162
3.72506
3.7285
3.73193
3.73537
3.73881
3.74224
3.74568
3.74912
3.75255
3.75599
3.75943
3.76286
3.7663
3.76974
3.77317
3.77661
3.78005
3.78348
3.78692
3.79036
3.79379
3.79723
3.80067
3.8041
3.80754
3.81098
3.81441
3.81785
3.82129
3.82472
3.82816
3.8316
3.83503
3.83847
3.84191
3.84534
3.84878
3.85222
3.85566
3.85909
3.86253
3.86597
3.8694
3.87284
3.87628
3.87971
3.88315
3.88659
3.89002
3.89346
3.8969
3.90033
3.90377
3.90721
3.91064
3.91408
3.91752
3.92095
3.92439
3.92783
3.93126
3.9347
3.93814
3.94157
3.94501
3.94845
3.95188
3.95532
3.95876
3.96219
3.96563
3.96907
3.9725
3.97594
3.97938
3.98281
3.98625
3.98969
3.99312
3.99656
4
4.00343
4.00687
4.01031
4.01374
4.01718
4.02062
4.02405
4.02749
4.03093
4.03436
4.0378
4.04124
4.04467
4.04811
4.05155
4.05499
4.05842
4.06186
4.0653
4.06873
4.07217
4.07561
4.07904
4.08248
4.08592
4.08935
4.09279
4.09623
4.09966
4.1031
4.10654
4.10997
4.11341
4.11685
4.12028
4.12372
4.12716
4.13059
4.13403
4.13747
4.1409
4.14434
4.14778
4.15121
4.15465
4.15809
4.16152
4.16496
4.1684
4.17183
4.17527
4.17871
4.18214
4.18558
4.18902
4.19245
4.19589
4.19933
4.20276
4.2062
4.20964
4.21307
4.21651
4.21995
4.22338
4.22682
4.23026
4.23369
4.23713
4.24057
4.244
4.24744
4.25088
4.25432
4.25775
4.26119
4.26463
4.26806
4.2715
4.27494
4.27837
4.28181
4.28525
4.28868
4.29212
4.29556
4.29899
4.30243
4.30587
4.3093
4.31274
4.31618
4.31961
4.32305
4.32649
4.32992
4.33336
4.3368
4.34023
4.34367
4.34711
4.35054
4.35398
4.35742
4.36085
4.36429
4.36773
4.37116
4.3746
4.37804
4.38147
4.38491
4.38835
4.39178
4.39522
4.39866
4.40209
4.40553
4.40897
4.4124
4.41584
4.41928
4.42271
4.42615
4.42959
4.43302
4.43646
4.4399
4.44333
4.44677
4.45021
4.45364
4.45708
4.46052
4.46396
4.46739
4.47083
4.47427
4.4777
4.48114
4.48458
4.48801
4.49145
4.49489
4.49832
4.50176
4.5052
4.50863
4.51207
4.51551
4.51894
4.52238
4.52582
4.52925
4.53269
4.53613
4.53956
4.543
4.54644
4.54987
4.55331
4.55675
4.56018
4.56362
4.56706
4.57049
4.57393
4.57737
4.5808
4.58424
4.58768
4.59111
4.59455
4.59799
4.60142
4.60486
4.6083
4.61173
4.61517
4.61861
4.62204
4.62548
4.62892
4.63235
4.63579
4.63923
4.64266
4.6461
4.64954
4.65297
4.65641
4.65985
4.66328
4.66672
4.67016
4.6736
4.67703
4.68047
4.68391
4.68734
4.69078
4.69422
4.69765
4.70109
4.70453
4.70796
4.7114
4.71484
4.71827
4.72171
4.72515
4.72858
4.73202
4.73546
4.73889
4.74233
4.74577
4.7492
4.75264
4.75608
4.75951
4.76295
4.76639
4.76982
4.77326
4.7767
4.78013
4.78357
4.78701
4.79044
4.79388
4.79732
4.80075
4.80419
4.80763
4.81106
4.8145
4.81794
4.82137
4.82481
4.82825
4.83168
4.83512
4.83856
4.84199
4.84543
4.84887
4.8523
4.85574
4.85918
4.86261
4.86605
4.86949
4.87292
4.87636
4.8798
4.88323
4.88667
4.8901
4.89354
4.89698
4.90041
4.90385
4.90729
4.91072
4.91416
4.9176
4.92103
4.92447
4.92791
4.93134
4.93478
4.93821
4.94165
4.94509
4.94852
4.95196
4.9554
4.95883
4.96227
4.9657
4.96914
4.97258
4.97601
4.97945
4.98288
4.98632
4.98975
4.99319
4.99663
5.00006
5.0035
5.00693
5.01037
5.0138
5.01724
5.02067
5.02411
5.02754
5.03098
5.03441
5.03785
5.04128
5.04471
5.04815
5.05158
5.05502
5.05845
5.06188
5.06532
5.06875
5.07218
5.07562
5.07905
5.08248
5.08591
5.08934
5.09278
5.09621
5.09964
5.10307
5.1065
5.10993
5.11336
5.11679
5.12022
5.12364
5.12707
5.1305
5.13393
5.13735
5.14078
5.1442
5.14763
5.15105
5.15447
5.1579
5.16132
5.16474
5.16816
5.17158
5.17499
5.17841
5.18183
5.18524
5.18865
5.19206
5.19547
5.19888
5.20229
5.2057
5.2091
5.2125
5.2159
5.2193
5.2227
5.22609
5.22948
5.23287
5.23626
5.23964
5.24302
5.2464
5.24977
5.25314
5.25651
5.25987
5.26323
5.26659
5.26994
5.27328
5.27662
5.27996
5.28329
5.28661
5.28993
5.29324
5.29654
5.29984
5.30313
5.30641
5.30968
5.31294
5.31619
5.31944
5.32267
5.32589
5.3291
5.33229
5.33547
5.33864
5.3418
5.34493
5.34805
5.35116
5.35424
5.35731
5.36036
5.36338
5.36638
5.36936
5.37231
5.37523
5.37813
5.381
5.38383
5.38664
5.3894
5.39214
5.39483
5.39748
5.40009
5.40265
5.40516
5.40763
5.41004
5.41239
5.41468
5.41692
5.41908
5.42118
5.4232
5.42515
5.42701
5.42879
5.43048
5.43207
5.43357
5.43495
5.43623
5.43739
5.43843
5.43934
5.44011
5.44074
5.44121
5.44153
5.44168
5.44166
5.44145
5.44105
5.44044
5.43962
5.43858
5.4373
5.43577
5.43398
5.43192
5.42957
5.42693
5.42397
5.42068
5.41704
5.41305
5.40868
5.40392
5.39874
5.39314
5.38708
5.38056
5.37355
5.36603
5.35798
5.34938
5.34021
5.33045
5.32006
5.30904
5.29736
5.28499
5.27191
5.2581
5.24353
5.22819
5.21205
5.19509
5.17729
5.15862
5.13907
5.11862
5.09725
5.07495
5.05171
5.0275
5.00232
4.97617
4.94903
4.92091
4.8918
4.86171
4.83063
4.79859
4.7656
4.73166
4.6968
4.66104
4.62442
4.58695
4.54868
4.50964
4.46988
4.42944
4.38837
4.34673
4.30457
4.26194
4.21891
4.17555
4.13191
4.08807
4.04409