1
1.0992
1.19497
1.28314
1.35887
1.4168
1.45128
1.45684
1.42856
1.36262
1.25677
1.11079
0.92677
0.709212
0.464908
0.20257
-0.0677476
-0.335388
-0.589898
-0.821809
-1.02331
-1.18872
-1.31475
-1.40048
-1.4472
-1.45801
-1.43732
-1.39041
-1.32289
-1.24029
-1.14776
-1.0498
-0.950193
-0.85191
-0.757169
-0.667496
-0.583817
-0.506571
-0.435814
-0.371312
-0.312627
-0.25918
-0.21031
-0.165304
-0.123427
-0.0839392
-0.0460999
-0.00917434
0.0275686
0.0648595
0.103431
0.144021
0.18737
0.234217
0.285288
0.341276
0.402805
0.470391
0.544379
0.624869
0.711628
0.803986
0.90073
1
