1
1.01227
1.02454
1.03679
1.04903
1.06124
1.07342
1.08557
1.09767
1.10972
1.12172
1.13365
1.14551
1.15729
1.16898
1.18057
1.19207
1.20345
1.21471
1.22584
1.23683
1.24768
1.25837
1.26889
1.27925
1.28941
1.29939
1.30916
1.31871
1.32805
1.33715
1.346
1.3546
1.36294
1.37101
1.37879
1.38627
1.39345
1.40031
1.40684
1.41304
1.41889
1.42438
1.4295
1.43424
1.43859
1.44254
1.44608
1.4492
1.45188
1.45413
1.45592
1.45726
1.45812
1.45851
1.4584
1.4578
1.4567
1.45507
1.45293
1.45025
1.44704
1.44328
1.43897
1.43409
1.42866
1.42264
1.41606
1.40888
1.40112
1.39277
1.38382
1.37427
1.36412
1.35336
1.34199
1.33001
1.31742
1.30422
1.2904
1.27597
1.26093
1.24528
1.22902
1.21215
1.19468
1.17661
1.15794
1.13868
1.11883
1.0984
1.07739
1.05582
1.03368
1.011
0.987765
0.963996
0.939702
0.914891
0.889575
0.863764
0.837471
0.810707
0.783486
0.755819
0.727722
0.699208
0.670292
0.640988
0.611313
0.581282
0.550911
0.520218
0.489219
0.457931
0.426372
0.394561
0.362515
0.330254
0.297795
0.265158
0.232363
0.199428
0.166374
0.133219
0.0999846
0.0666899
0.033355
1.66447e-16
-0.033355
-0.0666899
-0.0999846
-0.133219
-0.166374
-0.199428
-0.232363
-0.265158
-0.297795
-0.330254
-0.362515
-0.394561
-0.426372
-0.457931
-0.489219
-0.520218
-0.550911
-0.581282
-0.611313
-0.640988
-0.670292
-0.699208
-0.727722
-0.755819
-0.783486
-0.810707
-0.837471
-0.863764
-0.889575
-0.914891
-0.939702
-0.963996
-0.987765
-1.011
-1.03368
-1.05582
-1.07739
-1.0984
-1.11883
-1.13868
-1.15794
-1.17661
-1.19468
-1.21215
-1.22902
-1.24528
-1.26093
-1.27597
-1.2904
-1.30422
-1.31742
-1.33001
-1.34199
-1.35336
-1.36412
-1.37427
-1.38382
-1.39277
-1.40112
-1.40888
-1.41606
-1.42264
-1.42866
-1.43409
-1.43897
-1.44328
-1.44704
-1.45025
-1.45293
-1.45507
-1.4567
-1.4578
-1.4584
-1.45851
-1.45812
-1.45726
-1.45592
-1.45413
-1.45188
-1.4492
-1.44608
-1.44254
-1.43859
-1.43424
-1.4295
-1.42438
-1.41889
-1.41304
-1.40684
-1.40031
-1.39345
-1.38627
-1.37879
-1.37101
-1.36294
-1.3546
-1.346
-1.33715
-1.32805
-1.31871
-1.30916
-1.29939
-1.28941
-1.27925
-1.26889
-1.25837
-1.24768
-1.23683
-1.22584
-1.21471
-1.20345
-1.19207
-1.18057
-1.16898
-1.15729
-1.14551
-1.13365
-1.12172
-1.10972
-1.09767
-1.08557
-1.07342
-1.06124
-1.04903
-1.03679
-1.02454
-1.01227
-1
-0.987729
-0.975464
-0.963209
-0.95097
-0.938752
-0.926559
-0.914396
-0.902268
-0.890178
-0.878131
-0.86613
-0.85418
-0.842284
-0.830445
-0.818666
-0.806951
-0.795303
-0.783723
-0.772216
-0.760783
-0.749427
-0.738149
-0.726953
-0.71584
-0.704811
-0.693869
-0.683015
-0.672251
-0.661577
-0.650995
-0.640507
-0.630112
-0.619813
-0.60961
-0.599503
-0.589493
-0.579581
-0.569766
-0.560051
-0.550433
-0.540915
-0.531496
-0.522175
-0.512953
-0.50383
-0.494806
-0.48588
-0.477052
-0.468321
-0.459687
-0.45115
-0.44271
-0.434364
-0.426114
-0.417957
-0.409894
-0.401924
-0.394045
-0.386258
-0.37856
-0.370952
-0.363432
-0.355999
-0.348652
-0.341391
-0.334213
-0.327118
-0.320106
-0.313173
-0.306321
-0.299547
-0.292849
-0.286228
-0.279682
-0.273209
-0.266808
-0.260478
-0.254217
-0.248025
-0.2419
-0.235841
-0.229846
-0.223914
-0.218043
-0.212234
-0.206482
-0.200789
-0.195152
-0.18957
-0.184041
-0.178565
-0.173139
-0.167763
-0.162434
-0.157153
-0.151916
-0.146724
-0.141574
-0.136465
-0.131396
-0.126365
-0.121371
-0.116413
-0.111489
-0.106597
-0.101738
-0.0969078
-0.0921068
-0.0873331
-0.0825853
-0.0778621
-0.0731621
-0.0684839
-0.0638262
-0.0591875
-0.0545665
-0.0499619
-0.0453723
-0.0407963
-0.0362325
-0.0316797
-0.0271363
-0.0226011
-0.0180727
-0.0135498
-0.00903093
-0.00451479
-6.75784e-17
0.00451479
0.00903093
0.0135498
0.0180727
0.0226011
0.0271363
0.0316797
0.0362325
0.0407963
0.0453723
0.0499619
0.0545665
0.0591875
0.0638262
0.0684839
0.0731621
0.0778621
0.0825853
0.0873331
0.0921068
0.0969078
0.101738
0.106597
0.111489
0.116413
0.121371
0.126365
0.131396
0.136465
0.141574
0.146724
0.151916
0.157153
0.162434
0.167763
0.173139
0.178565
0.184041
0.18957
0.195152
0.200789
0.206482
0.212234
0.218043
0.223914
0.229846
0.235841
0.2419
0.248025
0.254217
0.260478
0.266808
0.273209
0.279682
0.286228
0.292849
0.299547
0.306321
0.313173
0.320106
0.327118
0.334213
0.341391
0.348652
0.355999
0.363432
0.370952
0.37856
0.386258
0.394045
0.401924
0.409894
0.417957
0.426114
0.434364
0.44271
0.45115
0.459687
0.468321
0.477052
0.48588
0.494806
0.50383
0.512953
0.522175
0.531496
0.540915
0.550433
0.560051
0.569766
0.579581
0.589493
0.599503
0.60961
0.619813
0.630112
0.640507
0.650995
0.661577
0.672251
0.683015
0.693869
0.704811
0.71584
0.726953
0.738149
0.749427
0.760783
0.772216
0.783723
0.795303
0.806951
0.818666
0.830445
0.842284
0.85418
0.86613
0.878131
0.890178
0.902268
0.914396
0.926559
0.938752
0.95097
0.963209
0.975464
0.987729
