1
1.04935
1.09829
1.14641
1.1932
1.23815
1.28068
1.32018
1.35601
1.3875
1.41397
1.43473
1.44909
1.45639
1.456
1.44733
1.42988
1.4032
1.36695
1.32089
1.26491
1.19903
1.12341
1.03834
0.944276
0.84182
0.731707
0.614806
0.492109
0.364711
0.233794
0.100606
-0.0335628
-0.167404
-0.299616
-0.428926
-0.554116
-0.674046
-0.787669
-0.894055
-0.992397
-1.08203
-1.16242
-1.23321
-1.29415
-1.34516
-1.38629
-1.41772
-1.43974
-1.45273
-1.45719
-1.45366
-1.44275
-1.4251
-1.40141
-1.37234
-1.33859
-1.30085
-1.25975
-1.21594
-1.17
-1.12248
-1.0739
-1.0247
-0.975299
-0.926065
-0.877311
-0.829308
-0.782283
-0.736424
-0.691879
-0.648762
-0.607156
-0.567116
-0.52867
-0.491827
-0.456576
-0.422888
-0.390723
-0.360027
-0.330739
-0.302788
-0.276098
-0.250589
-0.226177
-0.202775
-0.180293
-0.158644
-0.137736
-0.117479
-0.0977827
-0.0785563
-0.0597098
-0.0411536
-0.0227981
-0.00455405
0.0136677
0.0319564
0.050401
0.0690912
0.0881164
0.107567
0.127532
0.148103
0.16937
0.191424
0.214355
0.238251
0.263201
0.28929
0.316601
0.345211
0.375195
0.406618
0.439539
0.474004
0.510049
0.547692
0.586938
0.627766
0.670136
0.713979
0.759198
0.805661
0.8532
0.90161
0.950641
1
