1
1.00614
1.01227
1.0184
1.02454
1.03066
1.03679
1.04291
1.04903
1.05513
1.06124
1.06733
1.07342
1.0795
1.08557
1.09162
1.09767
1.1037
1.10972
1.11573
1.12172
1.12769
1.13365
1.13958
1.1455
1.1514
1.15728
1.16314
1.16897
1.17478
1.18057
1.18633
1.19206
1.19777
1.20344
1.20909
1.2147
1.22028
1.22583
1.23135
1.23683
1.24227
1.24767
1.25304
1.25836
1.26365
1.26889
1.27408
1.27924
1.28434
1.2894
1.29442
1.29938
1.30429
1.30915
1.31395
1.3187
1.3234
1.32804
1.33262
1.33714
1.34159
1.34599
1.35033
1.35459
1.3588
1.36293
1.367
1.371
1.37492
1.37877
1.38255
1.38626
1.38989
1.39344
1.39691
1.4003
1.40361
1.40683
1.40997
1.41303
1.41599
1.41887
1.42166
1.42436
1.42697
1.42948
1.4319
1.43422
1.43645
1.43857
1.4406
1.44252
1.44434
1.44606
1.44767
1.44918
1.45058
1.45187
1.45304
1.45411
1.45507
1.45591
1.45663
1.45724
1.45773
1.4581
1.45836
1.45849
1.4585
1.45838
1.45815
1.45778
1.45729
1.45667
1.45593
1.45505
1.45405
1.45291
1.45164
1.45023
1.44869
1.44702
1.44521
1.44326
1.44117
1.43894
1.43658
1.43407
1.43142
1.42863
1.4257
1.42262
1.4194
1.41603
1.41252
1.40886
1.40505
1.4011
1.397
1.39275
1.38835
1.3838
1.3791
1.37425
1.36925
1.36409
1.35879
1.35333
1.34773
1.34197
1.33605
1.32999
1.32377
1.3174
1.31087
1.30419
1.29736
1.29038
1.28324
1.27595
1.2685
1.26091
1.25316
1.24525
1.2372
1.22899
1.22064
1.21213
1.20347
1.19465
1.18569
1.17658
1.16732
1.15791
1.14836
1.13865
1.1288
1.1188
1.10866
1.09837
1.08794
1.07737
1.06665
1.0558
1.0448
1.03366
1.02239
1.01097
0.999426
0.987742
0.975925
0.963975
0.951893
0.93968
0.927339
0.91487
0.902275
0.889554
0.87671
0.863744
0.850658
0.837452
0.824128
0.810688
0.797134
0.783467
0.769689
0.755801
0.741806
0.727705
0.713499
0.699191
0.684783
0.670276
0.655672
0.640973
0.626181
0.611298
0.596327
0.581268
0.566124
0.550898
0.535591
0.520205
0.504743
0.489207
0.473598
0.45792
0.442173
0.426362
0.410487
0.394551
0.378557
0.362506
0.346402
0.330245
0.31404
0.297788
0.281491
0.265152
0.248773
0.232357
0.215906
0.199423
0.18291
0.166369
0.149804
0.133216
0.116608
0.0999821
0.0833414
0.0666882
0.0500249
0.0333542
0.0166783
0
-0.0166783
-0.0333542
-0.0500249
-0.0666882
-0.0833414
-0.0999821
-0.116608
-0.133216
-0.149804
-0.166369
-0.18291
-0.199423
-0.215906
-0.232357
-0.248773
-0.265152
-0.281491
-0.297788
-0.31404
-0.330245
-0.346402
-0.362506
-0.378557
-0.394551
-0.410487
-0.426362
-0.442173
-0.45792
-0.473598
-0.489207
-0.504743
-0.520205
-0.535591
-0.550898
-0.566124
-0.581268
-0.596327
-0.611298
-0.626181
-0.640973
-0.655672
-0.670276
-0.684783
-0.699191
-0.713499
-0.727705
-0.741806
-0.755801
-0.769689
-0.783467
-0.797134
-0.810688
-0.824128
-0.837452
-0.850658
-0.863744
-0.87671
-0.889554
-0.902275
-0.91487
-0.927339
-0.93968
-0.951893
-0.963975
-0.975925
-0.987742
-0.999426
-1.01097
-1.02239
-1.03366
-1.0448
-1.0558
-1.06665
-1.07737
-1.08794
-1.09837
-1.10866
-1.1188
-1.1288
-1.13865
-1.14836
-1.15791
-1.16732
-1.17658
-1.18569
-1.19465
-1.20347
-1.21213
-1.22064
-1.22899
-1.2372
-1.24525
-1.25316
-1.26091
-1.2685
-1.27595
-1.28324
-1.29038
-1.29736
-1.30419
-1.31087
-1.3174
-1.32377
-1.32999
-1.33605
-1.34197
-1.34773
-1.35333
-1.35879
-1.36409
-1.36925
-1.37425
-1.3791
-1.3838
-1.38835
-1.39275
-1.397
-1.4011
-1.40505
-1.40886
-1.41252
-1.41603
-1.4194
-1.42262
-1.4257
-1.42863
-1.43142
-1.43407
-1.43658
-1.43894
-1.44117
-1.44326
-1.44521
-1.44702
-1.44869
-1.45023
-1.45164
-1.45291
-1.45405
-1.45505
-1.45593
-1.45667
-1.45729
-1.45778
-1.45815
-1.45838
-1.4585
-1.45849
-1.45836
-1.4581
-1.45773
-1.45724
-1.45663
-1.45591
-1.45507
-1.45411
-1.45304
-1.45187
-1.45058
-1.44918
-1.44767
-1.44606
-1.44434
-1.44252
-1.4406
-1.43857
-1.43645
-1.43422
-1.4319
-1.42948
-1.42697
-1.42436
-1.42166
-1.41887
-1.41599
-1.41303
-1.40997
-1.40683
-1.40361
-1.4003
-1.39691
-1.39344
-1.38989
-1.38626
-1.38255
-1.37877
-1.37492
-1.371
-1.367
-1.36293
-1.3588
-1.35459
-1.35033
-1.34599
-1.34159
-1.33714
-1.33262
-1.32804
-1.3234
-1.3187
-1.31395
-1.30915
-1.30429
-1.29938
-1.29442
-1.2894
-1.28434
-1.27924
-1.27408
-1.26889
-1.26365
-1.25836
-1.25304
-1.24767
-1.24227
-1.23683
-1.23135
-1.22583
-1.22028
-1.2147
-1.20909
-1.20344
-1.19777
-1.19206
-1.18633
-1.18057
-1.17478
-1.16897
-1.16314
-1.15728
-1.1514
-1.1455
-1.13958
-1.13365
-1.12769
-1.12172
-1.11573
-1.10972
-1.1037
-1.09767
-1.09162
-1.08557
-1.0795
-1.07342
-1.06733
-1.06124
-1.05513
-1.04903
-1.04291
-1.03679
-1.03066
-1.02454
-1.0184
-1.01227
-1.00614
-1
-0.993864
-0.987729
-0.981596
-0.975464
-0.969335
-0.963209
-0.957088
-0.950971
-0.944859
-0.938753
-0.932653
-0.92656
-0.920475
-0.914397
-0.908329
-0.902269
-0.896219
-0.89018
-0.884151
-0.878133
-0.872127
-0.866133
-0.860151
-0.854183
-0.848228
-0.842286
-0.83636
-0.830447
-0.82455
-0.818669
-0.812803
-0.806954
-0.801121
-0.795306
-0.789507
-0.783726
-0.777964
-0.772219
-0.766493
-0.760786
-0.755098
-0.74943
-0.743781
-0.738153
-0.732544
-0.726957
-0.721389
-0.715843
-0.710318
-0.704815
-0.699333
-0.693873
-0.688435
-0.683019
-0.677625
-0.672254
-0.666906
-0.661581
-0.656278
-0.650999
-0.645743
-0.640511
-0.635302
-0.630116
-0.624955
-0.619817
-0.614703
-0.609614
-0.604548
-0.599507
-0.59449
-0.589497
-0.584528
-0.579585
-0.574665
-0.56977
-0.5649
-0.560055
-0.555234
-0.550438
-0.545666
-0.540919
-0.536197
-0.5315
-0.526827
-0.522179
-0.517556
-0.512958
-0.508384
-0.503835
-0.49931
-0.49481
-0.490335
-0.485884
-0.481458
-0.477056
-0.472678
-0.468325
-0.463996
-0.459691
-0.455411
-0.451154
-0.446922
-0.442713
-0.438529
-0.434368
-0.430231
-0.426118
-0.422028
-0.417961
-0.413918
-0.409898
-0.405901
-0.401928
-0.397977
-0.394049
-0.390144
-0.386262
-0.382402
-0.378564
-0.374749
-0.370956
-0.367185
-0.363436
-0.359708
-0.356003
-0.352318
-0.348656
-0.345014
-0.341394
-0.337795
-0.334216
-0.330659
-0.327122
-0.323605
-0.320109
-0.316633
-0.313177
-0.309741
-0.306324
-0.302927
-0.29955
-0.296192
-0.292853
-0.289533
-0.286231
-0.282949
-0.279685
-0.276439
-0.273212
-0.270002
-0.266811
-0.263637
-0.260481
-0.257342
-0.25422
-0.251116
-0.248028
-0.244957
-0.241903
-0.238865
-0.235844
-0.232838
-0.229848
-0.226875
-0.223916
-0.220974
-0.218046
-0.215134
-0.212236
-0.209353
-0.206485
-0.203631
-0.200791
-0.197966
-0.195154
-0.192356
-0.189572
-0.186801
-0.184043
-0.181299
-0.178567
-0.175848
-0.173141
-0.170447
-0.167765
-0.165094
-0.162436
-0.15979
-0.157154
-0.154531
-0.151918
-0.149316
-0.146725
-0.144145
-0.141575
-0.139016
-0.136466
-0.133927
-0.131397
-0.128877
-0.126366
-0.123865
-0.121372
-0.118889
-0.116414
-0.113948
-0.11149
-0.10904
-0.106599
-0.104165
-0.101739
-0.0993202
-0.096909
-0.094505
-0.0921079
-0.0897177
-0.0873342
-0.0849571
-0.0825863
-0.0802217
-0.0778631
-0.0755102
-0.073163
-0.0708212
-0.0684847
-0.0661534
-0.0638269
-0.0615053
-0.0591882
-0.0568756
-0.0545672
-0.0522629
-0.0499626
-0.0476659
-0.0453729
-0.0430832
-0.0407968
-0.0385135
-0.036233
-0.0339553
-0.0316801
-0.0294073
-0.0271367
-0.0248681
-0.0226014
-0.0203364
-0.018073
-0.0158109
-0.01355
-0.0112901
-0.00903105
-0.00677269
-0.00451484
-0.00225734
0
0.00225734
0.00451484
0.00677269
0.00903105
0.0112901
0.01355
0.0158109
0.018073
0.0203364
0.0226014
0.0248681
0.0271367
0.0294073
0.0316801
0.0339553
0.036233
0.0385135
0.0407968
0.0430832
0.0453729
0.0476659
0.0499626
0.0522629
0.0545672
0.0568756
0.0591882
0.0615053
0.0638269
0.0661534
0.0684847
0.0708212
0.073163
0.0755102
0.0778631
0.0802217
0.0825863
0.0849571
0.0873342
0.0897177
0.0921079
0.094505
0.096909
0.0993202
0.101739
0.104165
0.106599
0.10904
0.11149
0.113948
0.116414
0.118889
0.121372
0.123865
0.126366
0.128877
0.131397
0.133927
0.136466
0.139016
0.141575
0.144145
0.146725
0.149316
0.151918
0.154531
0.157154
0.15979
0.162436
0.165094
0.167765
0.170447
0.173141
0.175848
0.178567
0.181299
0.184043
0.186801
0.189572
0.192356
0.195154
0.197966
0.200791
0.203631
0.206485
0.209353
0.212236
0.215134
0.218046
0.220974
0.223916
0.226875
0.229848
0.232838
0.235844
0.238865
0.241903
0.244957
0.248028
0.251116
0.25422
0.257342
0.260481
0.263637
0.266811
0.270002
0.273212
0.276439
0.279685
0.282949
0.286231
0.289533
0.292853
0.296192
0.29955
0.302927
0.306324
0.309741
0.313177
0.316633
0.320109
0.323605
0.327122
0.330659
0.334216
0.337795
0.341394
0.345014
0.348656
0.352318
0.356003
0.359708
0.363436
0.367185
0.370956
0.374749
0.378564
0.382402
0.386262
0.390144
0.394049
0.397977
0.401928
0.405901
0.409898
0.413918
0.417961
0.422028
0.426118
0.430231
0.434368
0.438529
0.442713
0.446922
0.451154
0.455411
0.459691
0.463996
0.468325
0.472678
0.477056
0.481458
0.485884
0.490335
0.49481
0.49931
0.503835
0.508384
0.512958
0.517556
0.522179
0.526827
0.5315
0.536197
0.540919
0.545666
0.550438
0.555234
0.560055
0.5649
0.56977
0.574665
0.579585
0.584528
0.589497
0.59449
0.599507
0.604548
0.609614
0.614703
0.619817
0.624955
0.630116
0.635302
0.640511
0.645743
0.650999
0.656278
0.661581
0.666906
0.672254
0.677625
0.683019
0.688435
0.693873
0.699333
0.704815
0.710318
0.715843
0.721389
0.726957
0.732544
0.738153
0.743781
0.74943
0.755098
0.760786
0.766493
0.772219
0.777964
0.783726
0.789507
0.795306
0.801121
0.806954
0.812803
0.818669
0.82455
0.830447
0.83636
0.842286
0.848228
0.854183
0.860151
0.866133
0.872127
0.878133
0.884151
0.89018
0.896219
0.902269
0.908329
0.914397
0.920475
0.92656
0.932653
0.938753
0.944859
0.950971
0.957088
0.963209
0.969335
0.975464
0.981596
0.987729
1
