1
1.02462
1.0492
1.07368
1.09802
1.12214
1.14601
1.16955
1.19271
1.21541
1.23759
1.25917
1.28009
1.30025
1.3196
1.33804
1.35549
1.37187
1.3871
1.40108
1.41375
1.425
1.43476
1.44293
1.44945
1.45421
1.45716
1.4582
1.45726
1.45428
1.44918
1.44191
1.4324
1.42061
1.40648
1.38997
1.37106
1.34971
1.32591
1.29965
1.27091
1.23971
1.20606
1.16998
1.1315
1.09066
1.04752
1.00213
0.95456
0.904884
0.853189
0.799569
0.744126
0.68697
0.628219
0.567998
0.506439
0.443678
0.379859
0.31513
0.249643
0.183553
0.11702
0.050202
-0.0167374
-0.0836361
-0.150332
-0.216664
-0.282472
-0.347599
-0.411892
-0.4752
-0.537377
-0.598284
-0.657786
-0.715755
-0.772068
-0.826613
-0.879283
-0.92998
-0.978614
-1.0251
-1.06938
-1.11137
-1.15104
-1.18832
-1.22319
-1.25562
-1.28559
-1.31309
-1.33812
-1.36069
-1.38082
-1.39852
-1.41384
-1.42679
-1.43744
-1.44582
-1.452
-1.45603
-1.45798
-1.45792
-1.45592
-1.45205
-1.4464
-1.43905
-1.43007
-1.41955
-1.40759
-1.39425
-1.37963
-1.36382
-1.34689
-1.32893
-1.31003
-1.29027
-1.26972
-1.24846
-1.22657
-1.20412
-1.18118
-1.15783
-1.13411
-1.11011
-1.08587
-1.06146
-1.03692
-1.01232
-0.987685
-0.963075
-0.938529
-0.914086
-0.889781
-0.865648
-0.841718
-0.818018
-0.794575
-0.771412
-0.748548
-0.726003
-0.703793
-0.681931
-0.660431
-0.639301
-0.618552
-0.598188
-0.578216
-0.55864
-0.53946
-0.52068
-0.502297
-0.484311
-0.46672
-0.449519
-0.432705
-0.416273
-0.400217
-0.384529
-0.369204
-0.354234
-0.339609
-0.325323
-0.311365
-0.297726
-0.284397
-0.271367
-0.258627
-0.246165
-0.233973
-0.222038
-0.210349
-0.198897
-0.18767
-0.176656
-0.165846
-0.155227
-0.144788
-0.134518
-0.124407
-0.114442
-0.104613
-0.0949087
-0.0853176
-0.0758286
-0.0664308
-0.0571129
-0.047864
-0.0386729
-0.0295287
-0.0204202
-0.0113365
-0.00226662
0.00680055
0.015876
0.0249707
0.0340956
0.0432619
0.0524805
0.0617625
0.071119
0.080561
0.0900997
0.0997461
0.109511
0.119407
0.129444
0.139633
0.149985
0.160513
0.171226
0.182137
0.193256
0.204594
0.216163
0.227974
0.240036
0.252362
0.264961
0.277845
0.291023
0.304506
0.318303
0.332424
0.346879
0.361675
0.376822
0.392327
0.408198
0.424442
0.441064
0.458071
0.475466
0.493254
0.511439
0.53002
0.549
0.568378
0.588153
0.608321
0.628879
0.649819
0.671135
0.692818
0.714855
0.737235
0.759941
0.782957
0.806263
0.829837
0.853656
0.877691
0.901914
0.926292
0.950792
0.975375
1
