1
1.01229
1.02458
1.03686
1.04912
1.06135
1.07356
1.08573
1.09785
1.10993
1.12194
1.13389
1.14577
1.15757
1.16928
1.1809
1.19241
1.2038
1.21508
1.22623
1.23723
1.24809
1.2588
1.26933
1.2797
1.28987
1.29985
1.30963
1.31919
1.32853
1.33763
1.34649
1.35509
1.36343
1.37149
1.37926
1.38674
1.3939
1.40075
1.40727
1.41345
1.41928
1.42475
1.42985
1.43456
1.43889
1.44281
1.44631
1.4494
1.45204
1.45425
1.456
1.45729
1.45811
1.45844
1.45828
1.45762
1.45645
1.45477
1.45256
1.44981
1.44653
1.44269
1.4383
1.43335
1.42783
1.42173
1.41505
1.40779
1.39993
1.39148
1.38243
1.37278
1.36252
1.35165
1.34017
1.32808
1.31537
1.30205
1.28811
1.27356
1.25839
1.24261
1.22622
1.20922
1.19161
1.17341
1.1546
1.1352
1.11521
1.09464
1.0735
1.05178
1.0295
1.00667
0.983297
0.959384
0.934946
0.909991
0.88453
0.858576
0.83214
0.805234
0.77787
0.750064
0.721827
0.693176
0.664123
0.634685
0.604878
0.574716
0.544218
0.513399
0.482276
0.450869
0.419193
0.387268
0.355112
0.322743
0.290181
0.257445
0.224554
0.191527
0.158386
0.125148
0.0918357
0.0584674
0.0250638
-0.00835501
-0.0417687
-0.0751572
-0.1085
-0.141778
-0.17497
-0.208056
-0.241017
-0.273833
-0.306485
-0.338953
-0.371217
-0.403261
-0.435063
-0.466607
-0.497874
-0.528847
-0.559508
-0.58984
-0.619827
-0.649451
-0.678698
-0.707552
-0.735998
-0.764022
-0.791608
-0.818745
-0.845418
-0.871614
-0.897323
-0.922532
-0.94723
-0.971407
-0.995053
-1.01816
-1.04071
-1.06271
-1.08414
-1.105
-1.12528
-1.14497
-1.16408
-1.18259
-1.20049
-1.2178
-1.23449
-1.25058
-1.26605
-1.28091
-1.29515
-1.30878
-1.3218
-1.3342
-1.34599
-1.35716
-1.36772
-1.37768
-1.38703
-1.39578
-1.40393
-1.41149
-1.41846
-1.42485
-1.43066
-1.4359
-1.44057
-1.44468
-1.44824
-1.45125
-1.45373
-1.45568
-1.4571
-1.45801
-1.45842
-1.45833
-1.45776
-1.4567
-1.45518
-1.4532
-1.45078
-1.44791
-1.44461
-1.4409
-1.43678
-1.43226
-1.42735
-1.42206
-1.41641
-1.41041
-1.40405
-1.39737
-1.39036
-1.38304
-1.37541
-1.36749
-1.35929
-1.35082
-1.34209
-1.33311
-1.32389
-1.31444
-1.30477
-1.29489
-1.28481
-1.27454
-1.26409
-1.25347
-1.24268
-1.23175
-1.22067
-1.20946
-1.19812
-1.18666
-1.1751
-1.16344
-1.15168
-1.13984
-1.12793
-1.11594
-1.1039
-1.09179
-1.07965
-1.06746
-1.05524
-1.04299
-1.03072
-1.01844
-1.00615
-0.993853
-0.981561
-0.969277
-0.957006
-0.944754
-0.932525
-0.920324
-0.908155
-0.896023
-0.883932
-0.871886
-0.859889
-0.847944
-0.836054
-0.824224
-0.812456
-0.800754
-0.78912
-0.777556
-0.766066
-0.754653
-0.743317
-0.732062
-0.720889
-0.7098
-0.698798
-0.687883
-0.677058
-0.666323
-0.655679
-0.645129
-0.634673
-0.624312
-0.614047
-0.603878
-0.593807
-0.583833
-0.573958
-0.564181
-0.554503
-0.544924
-0.535445
-0.526065
-0.516784
-0.507602
-0.498519
-0.489535
-0.48065
-0.471862
-0.463172
-0.45458
-0.446084
-0.437684
-0.42938
-0.42117
-0.413055
-0.405032
-0.397103
-0.389265
-0.381517
-0.37386
-0.366291
-0.358811
-0.351417
-0.344109
-0.336886
-0.329747
-0.32269
-0.315714
-0.308819
-0.302003
-0.295265
-0.288603
-0.282017
-0.275505
-0.269066
-0.262699
-0.256402
-0.250174
-0.244013
-0.23792
-0.231891
-0.225926
-0.220023
-0.214181
-0.208399
-0.202675
-0.197008
-0.191397
-0.18584
-0.180336
-0.174883
-0.16948
-0.164126
-0.158819
-0.153558
-0.148342
-0.143168
-0.138037
-0.132945
-0.127893
-0.122878
-0.117899
-0.112955
-0.108045
-0.103166
-0.0983179
-0.0934991
-0.088708
-0.0839434
-0.0792039
-0.074488
-0.0697944
-0.0651218
-0.0604686
-0.0558337
-0.0512155
-0.0466127
-0.042024
-0.0374479
-0.0328832
-0.0283283
-0.023782
-0.0192429
-0.0147096
-0.0101807
-0.00565497
-0.00113091
0.00339281
0.00791756
0.0124447
0.0169756
0.0215116
0.0260542
0.0306046
0.0351642
0.0397345
0.0443167
0.0489123
0.0535226
0.058149
0.0627928
0.0674556
0.0721385
0.0768431
0.0815706
0.0863225
0.0911002
0.0959049
0.100738
0.105601
0.110496
0.115423
0.120384
0.125381
0.130414
0.135486
0.140597
0.14575
0.150945
0.156183
0.161467
0.166797
0.172176
0.177603
0.183082
0.188612
0.194196
0.199835
0.20553
0.211283
0.217094
0.222966
0.2289
0.234897
0.240958
0.247085
0.253279
0.259542
0.265874
0.272277
0.278752
0.285301
0.291925
0.298624
0.305401
0.312257
0.319192
0.326208
0.333306
0.340487
0.347752
0.355103
0.36254
0.370065
0.377677
0.38538
0.393172
0.401056
0.409032
0.417101
0.425263
0.43352
0.441872
0.45032
0.458864
0.467505
0.476244
0.48508
0.494015
0.503048
0.51218
0.521412
0.530742
0.540172
0.549701
0.55933
0.569057
0.578883
0.588808
0.59883
0.60895
0.619167
0.629481
0.639889
0.650393
0.660989
0.671679
0.682459
0.69333
0.704288
0.715334
0.726465
0.737679
0.748975
0.76035
0.771802
0.783329
0.794928
0.806597
0.818332
0.830132
0.841992
0.853909
0.865881
0.877903
0.889973
0.902085
0.914235
0.926421
0.938636
0.950878
0.96314
0.975417
0.987706
1
