0.999993
1.09864
1.19371
1.28107
1.35591
1.41289
1.44646
1.4512
1.42228
1.35596
1.25007
1.10444
0.921167
0.704743
0.461895
0.201237
-0.0673002
-0.333194
-0.586122
-0.816728
-1.01728
-1.18214
-1.30802
-1.39397
-1.44121
-1.45275
-1.43295
-1.38698
-1.32038
-1.23864
-1.14686
-1.04953
-0.950419
-0.852504
-0.758017
-0.668497
-0.584891
-0.507654
-0.436858
-0.372283
-0.3135
-0.259943
-0.210954
-0.165826
-0.123825
-0.084214
-0.0462522
-0.00920476
0.0276599
0.0650729
0.103767
0.144481
0.187953
0.234921
0.286108
0.3422
0.403815
0.471459
0.545464
0.625916
0.712565
0.804721
0.901155
0.999993
