1.00355
1.01134
1.02484
1.03679
1.04914
1.06135
1.07357
1.08573
1.09786
1.10993
1.12195
1.13391
1.14579
1.15759
1.1693
1.18091
1.19242
1.20382
1.2151
1.22625
1.23726
1.24812
1.25883
1.26936
1.27973
1.2899
1.29989
1.30967
1.31923
1.32857
1.33767
1.34653
1.35513
1.36347
1.37153
1.37931
1.38679
1.39396
1.40081
1.40733
1.41351
1.41934
1.42481
1.42991
1.43463
1.43895
1.44288
1.44638
1.44947
1.45212
1.45433
1.45608
1.45737
1.45819
1.45852
1.45836
1.45771
1.45654
1.45486
1.45265
1.4499
1.44662
1.44279
1.4384
1.43344
1.42792
1.42183
1.41515
1.40789
1.40003
1.39158
1.38253
1.37288
1.36262
1.35175
1.34027
1.32818
1.31547
1.30215
1.28821
1.27366
1.25849
1.24271
1.22632
1.20932
1.19171
1.17351
1.1547
1.1353
1.11531
1.09474
1.07359
1.05188
1.0296
1.00676
0.983386
0.959472
0.935032
0.910075
0.884613
0.858657
0.832218
0.80531
0.777944
0.750135
0.721897
0.693242
0.664187
0.634747
0.604937
0.574772
0.544271
0.513449
0.482324
0.450913
0.419235
0.387306
0.355147
0.322775
0.29021
0.25747
0.224576
0.191547
0.158402
0.125161
0.0918449
0.0584733
0.0250663
-0.00835585
-0.0417729
-0.0751648
-0.108511
-0.141792
-0.174987
-0.208077
-0.241041
-0.273861
-0.306515
-0.338986
-0.371254
-0.403301
-0.435106
-0.466653
-0.497923
-0.528899
-0.559563
-0.589898
-0.619887
-0.649514
-0.678764
-0.70762
-0.736069
-0.764095
-0.791683
-0.818822
-0.845497
-0.871696
-0.897406
-0.922617
-0.947317
-0.971496
-0.995143
-1.01825
-1.04081
-1.0628
-1.08424
-1.1051
-1.12538
-1.14507
-1.16418
-1.18269
-1.20059
-1.2179
-1.23459
-1.25068
-1.26615
-1.28101
-1.29526
-1.30889
-1.3219
-1.3343
-1.34609
-1.35726
-1.36782
-1.37778
-1.38713
-1.39588
-1.40403
-1.41159
-1.41856
-1.42495
-1.43075
-1.43599
-1.44066
-1.44477
-1.44833
-1.45134
-1.45382
-1.45576
-1.45719
-1.4581
-1.4585
-1.45841
-1.45784
-1.45678
-1.45526
-1.45328
-1.45085
-1.44798
-1.44468
-1.44097
-1.43684
-1.43232
-1.42741
-1.42212
-1.41647
-1.41046
-1.40411
-1.39742
-1.39041
-1.38309
-1.37546
-1.36754
-1.35934
-1.35087
-1.34213
-1.33315
-1.32393
-1.31448
-1.3048
-1.29492
-1.28484
-1.27457
-1.26412
-1.25349
-1.24271
-1.23177
-1.22069
-1.20948
-1.19814
-1.18668
-1.17512
-1.16345
-1.1517
-1.13985
-1.12794
-1.11595
-1.1039
-1.0918
-1.07965
-1.06747
-1.05524
-1.04299
-1.03072
-1.01844
-1.00615
-0.993852
-0.981559
-0.969275
-0.957003
-0.94475
-0.93252
-0.920319
-0.908149
-0.896017
-0.883925
-0.871878
-0.85988
-0.847934
-0.836044
-0.824214
-0.812445
-0.800742
-0.789108
-0.777544
-0.766054
-0.75464
-0.743304
-0.732048
-0.720875
-0.709786
-0.698783
-0.687868
-0.677042
-0.666307
-0.655664
-0.645113
-0.634657
-0.624296
-0.614031
-0.603862
-0.59379
-0.583817
-0.573941
-0.564164
-0.554487
-0.544908
-0.535428
-0.526048
-0.516767
-0.507585
-0.498503
-0.489519
-0.480633
-0.471846
-0.463156
-0.454564
-0.446068
-0.437668
-0.429364
-0.421154
-0.413039
-0.405017
-0.397087
-0.389249
-0.381502
-0.373845
-0.366277
-0.358796
-0.351403
-0.344095
-0.336872
-0.329733
-0.322676
-0.315701
-0.308806
-0.30199
-0.295252
-0.288591
-0.282005
-0.275493
-0.269054
-0.262687
-0.25639
-0.250162
-0.244002
-0.237909
-0.23188
-0.225915
-0.220013
-0.214171
-0.208389
-0.202666
-0.196999
-0.191388
-0.185831
-0.180327
-0.174875
-0.169472
-0.164118
-0.158812
-0.153551
-0.148335
-0.143162
-0.13803
-0.132939
-0.127887
-0.122872
-0.117894
-0.11295
-0.108039
-0.103161
-0.0983131
-0.0934944
-0.0887036
-0.0839392
-0.0791999
-0.0744843
-0.0697909
-0.0651185
-0.0604656
-0.0558309
-0.0512129
-0.0466104
-0.0420219
-0.037446
-0.0328815
-0.0283269
-0.0237808
-0.0192419
-0.0147089
-0.0101802
-0.00565469
-0.00113085
0.00339264
0.00791716
0.0124441
0.0169748
0.0215106
0.0260529
0.030603
0.0351624
0.0397325
0.0443145
0.0489098
0.0535199
0.0581461
0.0627897
0.0674522
0.0721349
0.0768392
0.0815665
0.0863182
0.0910956
0.0959002
0.100733
0.105596
0.11049
0.115417
0.120378
0.125375
0.130408
0.13548
0.140591
0.145743
0.150937
0.156176
0.161459
0.166789
0.172167
0.177595
0.183073
0.188603
0.194187
0.199825
0.20552
0.211273
0.217084
0.222956
0.22889
0.234886
0.240947
0.247074
0.253268
0.25953
0.265862
0.272265
0.27874
0.285288
0.291912
0.298611
0.305388
0.312243
0.319178
0.326194
0.333292
0.340473
0.347738
0.355089
0.362525
0.37005
0.377662
0.385365
0.393157
0.401041
0.409016
0.417085
0.425247
0.433504
0.441856
0.450304
0.458848
0.467489
0.476227
0.485064
0.493998
0.503032
0.512164
0.521395
0.530726
0.540156
0.549685
0.559313
0.56904
0.578867
0.588791
0.598814
0.608934
0.619151
0.629465
0.639874
0.650377
0.660974
0.671663
0.682444
0.693315
0.704274
0.71532
0.726451
0.737666
0.748962
0.760337
0.77179
0.783317
0.794916
0.806585
0.818321
0.830121
0.841982
0.8539
0.865873
0.877896
0.889965
0.902078
0.91423
0.926414
0.938637
0.950856
0.963205
0.975161
0.988656
0.99645
