1.02841
1.09006
1.19411
1.2787
1.35475
1.413
1.4492
1.45779
1.43409
1.37426
1.27596
1.13866
0.963984
0.755809
0.52021
0.265154
2.00619e-11
-0.265154
-0.52021
-0.755809
-0.963984
-1.13866
-1.27596
-1.37426
-1.43409
-1.4578
-1.44919
-1.41304
-1.35461
-1.27925
-1.19207
-1.09767
-1
-0.902272
-0.806955
-0.715843
-0.630115
-0.550435
-0.477053
-0.409895
-0.348653
-0.29285
-0.2419
-0.195152
-0.151916
-0.111489
-0.0731621
-0.0362325
7.38261e-11
0.0362325
0.0731621
0.111489
0.151916
0.195152
0.241901
0.292849
0.348656
0.409885
0.477092
0.550291
0.630654
0.713831
0.814462
0.874254
