1.00711
1.02273
1.04973
1.07357
1.09809
1.12218
1.14607
1.16962
1.19278
1.2155
1.23769
1.25928
1.28021
1.30039
1.31975
1.3382
1.35567
1.37206
1.3873
1.4013
1.41398
1.42525
1.43502
1.44321
1.44974
1.45452
1.45747
1.45853
1.4576
1.45463
1.44955
1.44228
1.43278
1.42099
1.40687
1.39037
1.37147
1.35012
1.32632
1.30006
1.27132
1.24012
1.20646
1.17038
1.13189
1.09105
1.0479
1.0025
0.954911
0.905221
0.85351
0.799873
0.744411
0.687236
0.628464
0.568222
0.506639
0.443855
0.380011
0.315257
0.249744
0.183628
0.117067
0.0502223
-0.0167442
-0.08367
-0.150393
-0.216751
-0.282586
-0.347739
-0.412056
-0.475388
-0.537589
-0.598519
-0.658042
-0.716031
-0.772363
-0.826926
-0.879612
-0.930324
-0.978972
-1.02547
-1.06976
-1.11176
-1.15143
-1.18872
-1.2236
-1.25603
-1.286
-1.3135
-1.33853
-1.3611
-1.38122
-1.39892
-1.41423
-1.42718
-1.43781
-1.44619
-1.45236
-1.45638
-1.45832
-1.45824
-1.45623
-1.45235
-1.44669
-1.43932
-1.43033
-1.4198
-1.40781
-1.39446
-1.37983
-1.364
-1.34706
-1.32909
-1.31018
-1.2904
-1.26984
-1.24856
-1.22666
-1.2042
-1.18125
-1.15788
-1.13416
-1.11015
-1.0859
-1.06148
-1.03693
-1.01232
-0.987681
-0.963065
-0.938512
-0.914063
-0.889752
-0.865614
-0.841679
-0.817975
-0.794529
-0.771362
-0.748495
-0.725947
-0.703735
-0.681871
-0.660369
-0.639238
-0.618487
-0.598123
-0.57815
-0.558573
-0.539394
-0.520613
-0.502231
-0.484245
-0.466654
-0.449455
-0.432642
-0.41621
-0.400155
-0.384469
-0.369145
-0.354176
-0.339553
-0.325268
-0.311311
-0.297674
-0.284347
-0.271319
-0.25858
-0.246121
-0.23393
-0.221996
-0.21031
-0.19886
-0.187634
-0.176623
-0.165814
-0.155196
-0.14476
-0.134492
-0.124382
-0.11442
-0.104592
-0.0948898
-0.0853005
-0.0758134
-0.0664174
-0.0571014
-0.0478543
-0.0386651
-0.0295227
-0.0204161
-0.0113342
-0.00226616
0.00679917
0.0158728
0.0249656
0.0340887
0.0432532
0.05247
0.0617501
0.0711047
0.0805449
0.0900817
0.0997263
0.10949
0.119383
0.129418
0.139605
0.149956
0.160482
0.171194
0.182102
0.193219
0.204556
0.216123
0.227931
0.239992
0.252316
0.264914
0.277796
0.290972
0.304453
0.318249
0.332369
0.346822
0.361617
0.376762
0.392266
0.408136
0.424379
0.441
0.458006
0.475401
0.493189
0.511372
0.529954
0.548934
0.568312
0.588087
0.608256
0.628815
0.649757
0.671074
0.692758
0.714798
0.73718
0.759889
0.782909
0.806218
0.829797
0.853617
0.877669
0.901851
0.926409
0.950267
0.977274
0.992886
