1.01418
1.04523
1.09869
1.14524
1.19214
1.23681
1.27925
1.31871
1.35461
1.38627
1.41304
1.43424
1.4492
1.45726
1.4578
1.45025
1.43409
1.40888
1.37427
1.33001
1.27597
1.21215
1.13868
1.05582
0.963996
0.863764
0.755819
0.640988
0.520217
0.394561
0.265158
0.133219
-1.94592e-15
-0.133219
-0.265158
-0.394561
-0.520217
-0.640988
-0.755819
-0.863764
-0.963996
-1.05582
-1.13868
-1.21215
-1.27597
-1.33001
-1.37427
-1.40888
-1.43409
-1.45025
-1.4578
-1.45726
-1.4492
-1.43424
-1.41304
-1.38627
-1.35461
-1.31871
-1.27925
-1.23683
-1.19207
-1.14551
-1.09767
-1.04903
-1
-0.95097
-0.902268
-0.854181
-0.806951
-0.760783
-0.71584
-0.672251
-0.630113
-0.589493
-0.550434
-0.512953
-0.477052
-0.44271
-0.409894
-0.37856
-0.348652
-0.320106
-0.292849
-0.266808
-0.2419
-0.218043
-0.195152
-0.173139
-0.151916
-0.131396
-0.111489
-0.0921068
-0.0731621
-0.0545665
-0.0362325
-0.0180727
1.86425e-17
0.0180727
0.0362325
0.0545665
0.0731621
0.0921068
0.111489
0.131396
0.151916
0.173139
0.195152
0.218043
0.2419
0.266808
0.292849
0.320106
0.348652
0.37856
0.409894
0.44271
0.477052
0.512953
0.550434
0.589493
0.630114
0.672246
0.715859
0.76071
0.807223
0.853166
0.906054
0.936841
