1.00177
1.00567
1.01241
1.01839
1.02457
1.03069
1.03683
1.04295
1.04907
1.05519
1.0613
1.0674
1.07349
1.07958
1.08565
1.09171
1.09776
1.1038
1.10983
1.11584
1.12184
1.12781
1.13378
1.13972
1.14565
1.15155
1.15744
1.1633
1.16914
1.17495
1.18074
1.18651
1.19225
1.19796
1.20364
1.20929
1.2149
1.22049
1.22604
1.23156
1.23705
1.24249
1.2479
1.25327
1.2586
1.26388
1.26913
1.27433
1.27949
1.2846
1.28966
1.29467
1.29964
1.30455
1.30941
1.31422
1.31897
1.32367
1.32831
1.33289
1.33741
1.34187
1.34627
1.3506
1.35487
1.35907
1.36321
1.36727
1.37127
1.3752
1.37905
1.38283
1.38653
1.39015
1.3937
1.39717
1.40056
1.40386
1.40709
1.41022
1.41328
1.41624
1.41912
1.4219
1.4246
1.4272
1.42971
1.43212
1.43444
1.43665
1.43877
1.44079
1.44271
1.44452
1.44623
1.44784
1.44933
1.45072
1.452
1.45317
1.45423
1.45517
1.456
1.45672
1.45731
1.45779
1.45815
1.4584
1.45851
1.45851
1.45838
1.45813
1.45776
1.45725
1.45662
1.45586
1.45497
1.45394
1.45279
1.4515
1.45008
1.44852
1.44683
1.445
1.44303
1.44093
1.43868
1.4363
1.43377
1.4311
1.42829
1.42534
1.42224
1.41899
1.4156
1.41207
1.40839
1.40456
1.40058
1.39645
1.39218
1.38775
1.38318
1.37845
1.37358
1.36855
1.36337
1.35804
1.35256
1.34692
1.34113
1.33519
1.3291
1.32285
1.31645
1.30989
1.30319
1.29633
1.28931
1.28214
1.27482
1.26734
1.25972
1.25193
1.244
1.23591
1.22767
1.21928
1.21074
1.20205
1.1932
1.1842
1.17506
1.16577
1.15632
1.14673
1.13699
1.12711
1.11707
1.1069
1.09657
1.08611
1.0755
1.06474
1.05385
1.04282
1.03165
1.02033
1.00889
0.9973
0.98558
0.973726
0.961739
0.94962
0.937371
0.924993
0.912488
0.899856
0.887099
0.874218
0.861215
0.848092
0.834849
0.821489
0.808013
0.794423
0.78072
0.766906
0.752982
0.738951
0.724814
0.710573
0.69623
0.681787
0.667245
0.652606
0.637873
0.623047
0.60813
0.593124
0.578032
0.562856
0.547596
0.532257
0.516839
0.501345
0.485777
0.470137
0.454427
0.43865
0.422809
0.406904
0.390939
0.374915
0.358836
0.342703
0.326519
0.310287
0.294007
0.277684
0.261319
0.244915
0.228474
0.211999
0.195492
0.178956
0.162392
0.145804
0.129195
0.112565
0.0959192
0.0792585
0.0625859
0.0459038
0.0292148
0.0125214
-0.00417386
-0.0208685
-0.03756
-0.0542459
-0.0709235
-0.0875905
-0.104244
-0.120882
-0.137502
-0.154101
-0.170677
-0.187227
-0.203749
-0.220241
-0.236699
-0.253122
-0.269507
-0.285851
-0.302153
-0.318409
-0.334618
-0.350776
-0.366883
-0.382934
-0.398929
-0.414864
-0.430737
-0.446547
-0.46229
-0.477965
-0.49357
-0.509101
-0.524557
-0.539936
-0.555236
-0.570454
-0.585589
-0.600638
-0.615599
-0.630471
-0.645251
-0.659937
-0.674528
-0.689021
-0.703415
-0.717707
-0.731896
-0.74598
-0.759958
-0.773827
-0.787586
-0.801232
-0.814766
-0.828184
-0.841486
-0.854669
-0.867732
-0.880674
-0.893493
-0.906187
-0.918757
-0.931198
-0.943512
-0.955696
-0.967749
-0.97967
-0.991457
-1.00311
-1.01463
-1.02601
-1.03725
-1.04835
-1.05932
-1.07014
-1.08082
-1.09136
-1.10175
-1.112
-1.12211
-1.13207
-1.14188
-1.15154
-1.16106
-1.17043
-1.17965
-1.18872
-1.19764
-1.20641
-1.21503
-1.2235
-1.23181
-1.23997
-1.24799
-1.25584
-1.26355
-1.2711
-1.2785
-1.28574
-1.29284
-1.29978
-1.30656
-1.31319
-1.31967
-1.32599
-1.33216
-1.33818
-1.34405
-1.34976
-1.35532
-1.36072
-1.36598
-1.37108
-1.37603
-1.38083
-1.38548
-1.38998
-1.39433
-1.39853
-1.40259
-1.40649
-1.41025
-1.41385
-1.41732
-1.42063
-1.4238
-1.42683
-1.42971
-1.43245
-1.43505
-1.43751
-1.43982
-1.442
-1.44403
-1.44593
-1.44769
-1.44932
-1.45081
-1.45216
-1.45338
-1.45447
-1.45543
-1.45625
-1.45695
-1.45752
-1.45796
-1.45827
-1.45846
-1.45853
-1.45847
-1.45829
-1.45799
-1.45757
-1.45703
-1.45637
-1.4556
-1.45471
-1.45371
-1.4526
-1.45138
-1.45004
-1.4486
-1.44705
-1.44539
-1.44363
-1.44176
-1.43979
-1.43773
-1.43556
-1.43329
-1.43092
-1.42846
-1.42591
-1.42326
-1.42052
-1.41769
-1.41477
-1.41176
-1.40867
-1.40549
-1.40222
-1.39888
-1.39545
-1.39194
-1.38835
-1.38469
-1.38095
-1.37713
-1.37324
-1.36928
-1.36525
-1.36115
-1.35698
-1.35274
-1.34844
-1.34408
-1.33965
-1.33516
-1.3306
-1.32599
-1.32133
-1.3166
-1.31182
-1.30699
-1.3021
-1.29716
-1.29217
-1.28713
-1.28205
-1.27691
-1.27174
-1.26651
-1.26125
-1.25594
-1.25059
-1.2452
-1.23977
-1.23431
-1.22881
-1.22327
-1.2177
-1.2121
-1.20646
-1.2008
-1.1951
-1.18938
-1.18363
-1.17785
-1.17205
-1.16622
-1.16037
-1.1545
-1.1486
-1.14269
-1.13675
-1.1308
-1.12483
-1.11884
-1.11284
-1.10682
-1.10079
-1.09474
-1.08868
-1.08262
-1.07654
-1.07045
-1.06435
-1.05825
-1.05213
-1.04601
-1.03989
-1.03376
-1.02763
-1.02149
-1.01535
-1.00921
-1.00307
-0.996929
-0.990788
-0.984647
-0.978508
-0.972372
-0.966238
-0.960108
-0.953983
-0.947862
-0.941747
-0.935638
-0.929536
-0.923441
-0.917353
-0.911275
-0.905204
-0.899144
-0.893093
-0.887053
-0.881024
-0.875006
-0.869
-0.863007
-0.857026
-0.851058
-0.845105
-0.839165
-0.83324
-0.82733
-0.821436
-0.815557
-0.809694
-0.803847
-0.798018
-0.792206
-0.786411
-0.780634
-0.774875
-0.769135
-0.763414
-0.757711
-0.752029
-0.746365
-0.740722
-0.735099
-0.729496
-0.723914
-0.718353
-0.712813
-0.707294
-0.701797
-0.696322
-0.690868
-0.685437
-0.680028
-0.674642
-0.669278
-0.663938
-0.65862
-0.653325
-0.648054
-0.642806
-0.637581
-0.63238
-0.627203
-0.62205
-0.616921
-0.611816
-0.606735
-0.601678
-0.596645
-0.591637
-0.586653
-0.581694
-0.57676
-0.57185
-0.566964
-0.562103
-0.557267
-0.552456
-0.547669
-0.542907
-0.53817
-0.533458
-0.52877
-0.524108
-0.51947
-0.514856
-0.510268
-0.505704
-0.501165
-0.49665
-0.492161
-0.487695
-0.483255
-0.478839
-0.474447
-0.47008
-0.465737
-0.461418
-0.457124
-0.452853
-0.448607
-0.444385
-0.440187
-0.436013
-0.431862
-0.427735
-0.423632
-0.419552
-0.415496
-0.411463
-0.407454
-0.403467
-0.399504
-0.395563
-0.391646
-0.387751
-0.383878
-0.380028
-0.376201
-0.372396
-0.368612
-0.364851
-0.361112
-0.357395
-0.353699
-0.350025
-0.346372
-0.34274
-0.339129
-0.33554
-0.331971
-0.328423
-0.324895
-0.321388
-0.317901
-0.314435
-0.310988
-0.307561
-0.304154
-0.300766
-0.297398
-0.294048
-0.290718
-0.287407
-0.284115
-0.280841
-0.277586
-0.274349
-0.27113
-0.267929
-0.264746
-0.26158
-0.258432
-0.255302
-0.252188
-0.249092
-0.246012
-0.242949
-0.239903
-0.236873
-0.233859
-0.230861
-0.227879
-0.224913
-0.221962
-0.219026
-0.216106
-0.213201
-0.21031
-0.207434
-0.204573
-0.201726
-0.198893
-0.196074
-0.193269
-0.190477
-0.187699
-0.184935
-0.182183
-0.179444
-0.176719
-0.174005
-0.171304
-0.168616
-0.165939
-0.163275
-0.160622
-0.157981
-0.155351
-0.152732
-0.150125
-0.147528
-0.144942
-0.142366
-0.139801
-0.137246
-0.134701
-0.132166
-0.129641
-0.127125
-0.124618
-0.12212
-0.119632
-0.117152
-0.114681
-0.112218
-0.109764
-0.107317
-0.104879
-0.102448
-0.100025
-0.0976094
-0.095201
-0.0927996
-0.0904052
-0.0880174
-0.0856362
-0.0832614
-0.0808927
-0.0785301
-0.0761734
-0.0738223
-0.0714768
-0.0691366
-0.0668015
-0.0644715
-0.0621463
-0.0598258
-0.0575097
-0.0551979
-0.0528903
-0.0505867
-0.0482868
-0.0459906
-0.0436979
-0.0414084
-0.039122
-0.0368386
-0.034558
-0.0322799
-0.0300043
-0.0277309
-0.0254597
-0.0231903
-0.0209227
-0.0186567
-0.0163921
-0.0141287
-0.0118664
-0.009605
-0.00734431
-0.00508417
-0.00282441
-0.000564872
0.00169463
0.00395425
0.00621418
0.00847457
0.0107356
0.0129974
0.0152603
0.0175242
0.0197895
0.0220563
0.0243248
0.0265951
0.0288674
0.0311418
0.0334186
0.0356979
0.03798
0.0402648
0.0425527
0.0448438
0.0471383
0.0494363
0.051738
0.0540436
0.0563533
0.0586672
0.0609855
0.0633083
0.0656359
0.0679684
0.070306
0.0726489
0.0749972
0.077351
0.0797107
0.0820763
0.084448
0.086826
0.0892105
0.0916016
0.0939995
0.0964043
0.0988164
0.101236
0.103663
0.106097
0.108539
0.11099
0.113448
0.115915
0.118391
0.120875
0.123368
0.12587
0.128381
0.130902
0.133432
0.135972
0.138522
0.141082
0.143653
0.146233
0.148825
0.151427
0.15404
0.156664
0.1593
0.161947
0.164606
0.167276
0.169959
0.172653
0.17536
0.17808
0.180812
0.183557
0.186315
0.189087
0.191871
0.19467
0.197482
0.200308
0.203147
0.206002
0.20887
0.211753
0.214651
0.217564
0.220492
0.223435
0.226394
0.229368
0.232358
0.235364
0.238386
0.241424
0.244479
0.24755
0.250638
0.253743
0.256865
0.260004
0.263161
0.266335
0.269527
0.272737
0.275965
0.279211
0.282476
0.285759
0.28906
0.292381
0.295721
0.299079
0.302457
0.305855
0.309272
0.312709
0.316165
0.319642
0.323139
0.326657
0.330194
0.333753
0.337332
0.340932
0.344553
0.348195
0.351859
0.355544
0.359251
0.362979
0.366729
0.370501
0.374295
0.378112
0.38195
0.385812
0.389695
0.393602
0.397531
0.401483
0.405458
0.409456
0.413477
0.417521
0.421589
0.425681
0.429796
0.433934
0.438097
0.442283
0.446493
0.450727
0.454985
0.459268
0.463574
0.467905
0.47226
0.47664
0.481044
0.485472
0.489925
0.494402
0.498905
0.503431
0.507983
0.512559
0.51716
0.521785
0.526436
0.531111
0.535811
0.540536
0.545285
0.550059
0.554858
0.559682
0.564531
0.569404
0.574301
0.579224
0.584171
0.589142
0.594138
0.599159
0.604203
0.609272
0.614365
0.619482
0.624624
0.629789
0.634978
0.64019
0.645427
0.650686
0.655969
0.661276
0.666605
0.671957
0.677332
0.68273
0.68815
0.693592
0.699057
0.704543
0.710051
0.71558
0.721131
0.726702
0.732295
0.737908
0.743541
0.749194
0.754868
0.76056
0.766272
0.772003
0.777752
0.78352
0.789306
0.79511
0.800931
0.806769
0.812623
0.818494
0.824381
0.830283
0.836201
0.842133
0.84808
0.85404
0.860015
0.866002
0.872001
0.878013
0.884037
0.890072
0.896117
0.902173
0.908238
0.914313
0.920396
0.926487
0.932586
0.938692
0.944804
0.950922
0.957045
0.963172
0.969307
0.97543
0.981611
0.98759
0.994333
0.998227
