0.559109
0.939051
1.02845
1.01377
1.02825
1.03022
1.03874
1.04338
1.0505
1.05593
1.06255
1.06828
1.07467
1.08053
1.08679
1.09271
1.09889
1.10483
1.11095
1.11689
1.12296
1.12889
1.1349
1.14081
1.14678
1.15266
1.15858
1.16442
1.17029
1.17609
1.1819
1.18765
1.19341
1.19911
1.20481
1.21045
1.21609
1.22167
1.22724
1.23275
1.23825
1.24369
1.24911
1.25448
1.25982
1.26511
1.27036
1.27556
1.28073
1.28584
1.29091
1.29592
1.3009
1.30581
1.31068
1.31549
1.32025
1.32495
1.32959
1.33417
1.3387
1.34316
1.34757
1.3519
1.35618
1.36038
1.36452
1.36859
1.37259
1.37652
1.38038
1.38416
1.38787
1.39149
1.39505
1.39852
1.40191
1.40522
1.40844
1.41158
1.41464
1.4176
1.42048
1.42327
1.42597
1.42857
1.43108
1.43349
1.43581
1.43803
1.44015
1.44217
1.44409
1.44591
1.44762
1.44922
1.45072
1.45211
1.45339
1.45456
1.45562
1.45657
1.4574
1.45811
1.45871
1.45919
1.45955
1.45979
1.45991
1.45991
1.45978
1.45953
1.45915
1.45864
1.45801
1.45725
1.45636
1.45533
1.45418
1.45289
1.45146
1.4499
1.44821
1.44638
1.44441
1.4423
1.44005
1.43767
1.43514
1.43246
1.42965
1.42669
1.42359
1.42034
1.41695
1.41341
1.40973
1.40589
1.40191
1.39778
1.3935
1.38907
1.38449
1.37976
1.37488
1.36985
1.36467
1.35933
1.35384
1.3482
1.34241
1.33646
1.33036
1.32411
1.3177
1.31114
1.30442
1.29755
1.29053
1.28336
1.27603
1.26854
1.26091
1.25312
1.24518
1.23708
1.22884
1.22044
1.21188
1.20318
1.19433
1.18532
1.17617
1.16687
1.15742
1.14781
1.13807
1.12817
1.11813
1.10794
1.09761
1.08713
1.07651
1.06575
1.05485
1.0438
1.03262
1.0213
1.00984
0.998241
0.98651
0.974644
0.962646
0.950516
0.938255
0.925866
0.913348
0.900704
0.887935
0.875042
0.862027
0.848891
0.835636
0.822263
0.808775
0.795171
0.781455
0.767628
0.753692
0.739647
0.725497
0.711242
0.696886
0.682428
0.667873
0.65322
0.638473
0.623633
0.608702
0.593683
0.578576
0.563385
0.548112
0.532757
0.517325
0.501816
0.486233
0.470579
0.454855
0.439063
0.423206
0.407287
0.391306
0.375268
0.359174
0.343026
0.326826
0.310578
0.294284
0.277945
0.261565
0.245145
0.228689
0.212198
0.195676
0.179124
0.162545
0.145941
0.129316
0.112671
0.0960093
0.079333
0.0626447
0.0459469
0.0292423
0.0125332
-0.00417777
-0.0208881
-0.0375953
-0.0542969
-0.0709902
-0.0876728
-0.104342
-0.120996
-0.137631
-0.154246
-0.170838
-0.187403
-0.203941
-0.220448
-0.236922
-0.25336
-0.26976
-0.28612
-0.302437
-0.318708
-0.334932
-0.351106
-0.367228
-0.383294
-0.399304
-0.415254
-0.431143
-0.446967
-0.462725
-0.478415
-0.494034
-0.50958
-0.525051
-0.540444
-0.555759
-0.570991
-0.58614
-0.601203
-0.616179
-0.631064
-0.645858
-0.660558
-0.675163
-0.68967
-0.704077
-0.718383
-0.732585
-0.746683
-0.760673
-0.774556
-0.788327
-0.801987
-0.815533
-0.828964
-0.842278
-0.855474
-0.86855
-0.881504
-0.894335
-0.907042
-0.919623
-0.932077
-0.944402
-0.956597
-0.968662
-0.980594
-0.992392
-1.00406
-1.01558
-1.02698
-1.03823
-1.04934
-1.06032
-1.07115
-1.08184
-1.09239
-1.10279
-1.11305
-1.12317
-1.13314
-1.14296
-1.15263
-1.16216
-1.17154
-1.18077
-1.18985
-1.19877
-1.20755
-1.21618
-1.22465
-1.23298
-1.24115
-1.24917
-1.25703
-1.26475
-1.2723
-1.27971
-1.28696
-1.29406
-1.30101
-1.3078
-1.31444
-1.32092
-1.32725
-1.33343
-1.33945
-1.34532
-1.35104
-1.3566
-1.36202
-1.36728
-1.37239
-1.37734
-1.38215
-1.3868
-1.39131
-1.39566
-1.39986
-1.40392
-1.40783
-1.41159
-1.4152
-1.41867
-1.42199
-1.42516
-1.42819
-1.43108
-1.43382
-1.43642
-1.43888
-1.4412
-1.44337
-1.44541
-1.44731
-1.44907
-1.4507
-1.45219
-1.45355
-1.45477
-1.45586
-1.45682
-1.45765
-1.45834
-1.45891
-1.45935
-1.45967
-1.45986
-1.45992
-1.45987
-1.45969
-1.45938
-1.45896
-1.45842
-1.45777
-1.457
-1.45611
-1.45511
-1.45399
-1.45277
-1.45143
-1.44999
-1.44843
-1.44678
-1.44501
-1.44315
-1.44118
-1.43911
-1.43694
-1.43467
-1.4323
-1.42984
-1.42728
-1.42463
-1.42189
-1.41905
-1.41613
-1.41312
-1.41002
-1.40684
-1.40357
-1.40022
-1.39679
-1.39328
-1.38969
-1.38602
-1.38228
-1.37846
-1.37457
-1.3706
-1.36657
-1.36246
-1.35829
-1.35405
-1.34974
-1.34537
-1.34094
-1.33645
-1.33189
-1.32728
-1.3226
-1.31787
-1.31309
-1.30825
-1.30336
-1.29842
-1.29342
-1.28838
-1.28329
-1.27815
-1.27297
-1.26774
-1.26247
-1.25716
-1.2518
-1.24641
-1.24098
-1.23551
-1.23
-1.22446
-1.21888
-1.21328
-1.20764
-1.20197
-1.19627
-1.19054
-1.18478
-1.179
-1.17319
-1.16735
-1.1615
-1.15562
-1.14972
-1.1438
-1.13786
-1.1319
-1.12592
-1.11993
-1.11392
-1.1079
-1.10186
-1.09581
-1.08974
-1.08367
-1.07759
-1.07149
-1.06539
-1.05928
-1.05316
-1.04704
-1.04091
-1.03477
-1.02863
-1.02249
-1.01635
-1.0102
-1.00405
-0.997904
-0.991756
-0.98561
-0.979465
-0.973323
-0.967184
-0.961048
-0.954917
-0.94879
-0.942669
-0.936554
-0.930446
-0.924345
-0.918252
-0.912168
-0.906092
-0.900025
-0.893969
-0.887923
-0.881888
-0.875864
-0.869853
-0.863853
-0.857867
-0.851894
-0.845934
-0.839989
-0.834058
-0.828143
-0.822242
-0.816358
-0.810489
-0.804637
-0.798802
-0.792984
-0.787184
-0.781402
-0.775637
-0.769892
-0.764165
-0.758457
-0.752769
-0.7471
-0.741451
-0.735822
-0.730214
-0.724627
-0.71906
-0.713515
-0.707991
-0.702488
-0.697008
-0.691549
-0.686113
-0.680699
-0.675307
-0.669938
-0.664592
-0.659269
-0.653969
-0.648693
-0.64344
-0.63821
-0.633004
-0.627822
-0.622664
-0.61753
-0.61242
-0.607334
-0.602272
-0.597235
-0.592222
-0.587233
-0.582269
-0.57733
-0.572415
-0.567524
-0.562659
-0.557818
-0.553002
-0.548211
-0.543444
-0.538703
-0.533986
-0.529293
-0.524626
-0.519984
-0.515366
-0.510773
-0.506205
-0.501661
-0.497142
-0.492648
-0.488178
-0.483733
-0.479313
-0.474917
-0.470545
-0.466198
-0.461875
-0.457577
-0.453302
-0.449052
-0.444825
-0.440623
-0.436445
-0.43229
-0.428159
-0.424052
-0.419968
-0.415908
-0.411871
-0.407858
-0.403867
-0.3999
-0.395956
-0.392034
-0.388135
-0.384259
-0.380405
-0.376574
-0.372765
-0.368978
-0.365213
-0.361471
-0.357749
-0.35405
-0.350372
-0.346716
-0.34308
-0.339466
-0.335873
-0.332301
-0.328749
-0.325218
-0.321707
-0.318217
-0.314747
-0.311297
-0.307866
-0.304456
-0.301065
-0.297693
-0.294341
-0.291007
-0.287693
-0.284397
-0.28112
-0.277862
-0.274621
-0.271399
-0.268195
-0.265009
-0.26184
-0.258689
-0.255556
-0.252439
-0.24934
-0.246257
-0.243191
-0.240141
-0.237108
-0.234092
-0.231091
-0.228106
-0.225136
-0.222183
-0.219244
-0.216321
-0.213413
-0.210519
-0.207641
-0.204776
-0.201926
-0.199091
-0.196269
-0.193461
-0.190667
-0.187886
-0.185119
-0.182364
-0.179623
-0.176894
-0.174179
-0.171475
-0.168784
-0.166105
-0.163437
-0.160782
-0.158138
-0.155506
-0.152884
-0.150274
-0.147675
-0.145086
-0.142508
-0.13994
-0.137383
-0.134835
-0.132298
-0.12977
-0.127251
-0.124742
-0.122242
-0.119751
-0.117269
-0.114795
-0.11233
-0.109873
-0.107424
-0.104983
-0.10255
-0.100125
-0.0977067
-0.0952958
-0.0928921
-0.0904952
-0.0881051
-0.0857215
-0.0833443
-0.0809733
-0.0786083
-0.0762493
-0.0738959
-0.071548
-0.0692054
-0.0668681
-0.0645357
-0.0622082
-0.0598853
-0.057567
-0.0552529
-0.052943
-0.0506371
-0.048335
-0.0460364
-0.0437414
-0.0414496
-0.039161
-0.0368753
-0.0345924
-0.0323121
-0.0300342
-0.0277586
-0.0254851
-0.0232134
-0.0209436
-0.0186753
-0.0164085
-0.0141428
-0.0118783
-0.00961456
-0.00735164
-0.00508922
-0.00282724
-0.000565421
0.0016963
0.00395821
0.00622036
0.00848303
0.0107463
0.0130104
0.0152755
0.0175417
0.0198092
0.0220783
0.024349
0.0266216
0.0288961
0.0311729
0.0334519
0.0357335
0.0380178
0.040305
0.0425951
0.0448885
0.0471852
0.0494856
0.0517895
0.0540975
0.0564094
0.0587256
0.0610462
0.0633714
0.0657013
0.0680362
0.070376
0.0727213
0.0750718
0.0774281
0.0797901
0.0821581
0.0845321
0.0869125
0.0892993
0.0916928
0.0940931
0.0965004
0.0989148
0.101337
0.103766
0.106203
0.108648
0.1111
0.113561
0.116031
0.118509
0.120995
0.123491
0.125995
0.128509
0.131032
0.133565
0.136108
0.13866
0.141223
0.143796
0.146379
0.148973
0.151578
0.154193
0.15682
0.159458
0.162108
0.164769
0.167443
0.170128
0.172825
0.175535
0.178257
0.180992
0.18374
0.186501
0.189275
0.192062
0.194863
0.197678
0.200507
0.20335
0.206207
0.209078
0.211964
0.214865
0.217781
0.220711
0.223658
0.226619
0.229596
0.232589
0.235598
0.238623
0.241664
0.244722
0.247796
0.250887
0.253995
0.25712
0.260263
0.263422
0.2666
0.269795
0.273008
0.276239
0.279489
0.282756
0.286043
0.289348
0.292672
0.296014
0.299377
0.302758
0.306159
0.309579
0.313019
0.316479
0.31996
0.32346
0.326981
0.330522
0.334084
0.337667
0.341271
0.344895
0.348541
0.352208
0.355897
0.359607
0.363339
0.367093
0.370869
0.374667
0.378487
0.382329
0.386194
0.390082
0.393992
0.397925
0.401881
0.405859
0.409862
0.413887
0.417936
0.422007
0.426103
0.430222
0.434365
0.438531
0.442722
0.446935
0.451174
0.455436
0.459723
0.464033
0.468369
0.472728
0.477112
0.48152
0.485953
0.49041
0.494892
0.499398
0.50393
0.508485
0.513067
0.517671
0.522302
0.526956
0.531637
0.536341
0.541071
0.545824
0.550604
0.555406
0.560236
0.565088
0.569967
0.574868
0.579797
0.584747
0.589725
0.594724
0.599751
0.604799
0.609875
0.614971
0.620095
0.625239
0.630411
0.635603
0.640823
0.646062
0.651329
0.656615
0.661929
0.667261
0.672621
0.677999
0.683404
0.688827
0.694277
0.699744
0.705239
0.710748
0.716287
0.721839
0.72742
0.733013
0.738637
0.74427
0.749935
0.755607
0.761312
0.767022
0.772767
0.778513
0.784296
0.790077
0.795897
0.801711
0.807569
0.813414
0.819307
0.825181
0.83111
0.83701
0.842973
0.848897
0.854896
0.860839
0.866873
0.872832
0.878904
0.88487
0.890984
0.896949
0.903113
0.909061
0.915291
0.921196
0.927523
0.933336
0.939826
0.945439
0.952258
0.957393
0.965017
0.96877
0.979085
0.976878
1.00391
0.926476
0.555685
