0.565922
0.960788
1.06846
1.07224
1.10499
1.12504
1.15138
1.17352
1.19775
1.21984
1.24261
1.26389
1.28517
1.30518
1.32478
1.34313
1.36077
1.37711
1.39247
1.40643
1.4192
1.43044
1.44027
1.44843
1.455
1.45975
1.46273
1.46374
1.46282
1.4598
1.45469
1.44737
1.43783
1.42597
1.4118
1.39522
1.37624
1.3548
1.33091
1.30453
1.27569
1.24436
1.21059
1.17436
1.13574
1.09475
1.05145
1.00588
0.95813
0.908262
0.856376
0.80255
0.746902
0.689529
0.630561
0.570112
0.508326
0.445328
0.381274
0.316302
0.250573
0.184235
0.117456
0.0503877
-0.0167987
-0.083948
-0.15089
-0.21747
-0.283522
-0.348893
-0.413424
-0.476969
-0.539378
-0.600514
-0.660237
-0.718424
-0.774948
-0.829699
-0.882566
-0.933455
-0.982272
-1.02894
-1.07338
-1.11554
-1.15535
-1.19278
-1.22778
-1.26034
-1.29042
-1.31803
-1.34316
-1.36582
-1.38603
-1.40381
-1.41918
-1.43219
-1.44289
-1.45131
-1.45751
-1.46157
-1.46353
-1.46347
-1.46147
-1.4576
-1.45193
-1.44455
-1.43555
-1.425
-1.41299
-1.39961
-1.38494
-1.36907
-1.35209
-1.33407
-1.3151
-1.29526
-1.27464
-1.2533
-1.23133
-1.2088
-1.18578
-1.16234
-1.13854
-1.11444
-1.09011
-1.06561
-1.04098
-1.01628
-0.99156
-0.966857
-0.942219
-0.917682
-0.893285
-0.869059
-0.845038
-0.821248
-0.797715
-0.774462
-0.75151
-0.728878
-0.706582
-0.684636
-0.663052
-0.64184
-0.62101
-0.600567
-0.580517
-0.560864
-0.541609
-0.522755
-0.5043
-0.486243
-0.468583
-0.451314
-0.434434
-0.417937
-0.401817
-0.386067
-0.370682
-0.355652
-0.34097
-0.326626
-0.312613
-0.298919
-0.285537
-0.272455
-0.259664
-0.247153
-0.234912
-0.222929
-0.211194
-0.199696
-0.188424
-0.177366
-0.166513
-0.15585
-0.14537
-0.135059
-0.124908
-0.114902
-0.105034
-0.0952898
-0.0856613
-0.076133
-0.0666986
-0.057342
-0.0480572
-0.0388277
-0.0296482
-0.0205015
-0.011383
-0.00227483
0.00682695
0.0159408
0.0250701
0.0342339
0.0434348
0.0526929
0.0620097
0.0714064
0.0808836
0.0904636
0.100146
0.109954
0.119885
0.129966
0.140192
0.15059
0.161156
0.171917
0.182866
0.194035
0.205413
0.217034
0.228885
0.241003
0.25337
0.266028
0.278954
0.292195
0.305721
0.319585
0.333749
0.348275
0.363115
0.378339
0.393887
0.409841
0.426126
0.442839
0.459884
0.477381
0.495203
0.513499
0.532107
0.551216
0.570607
0.590532
0.610693
0.631433
0.652332
0.67388
0.695462
0.717815
0.739989
0.763163
0.78576
0.809854
0.832521
0.857928
0.879657
0.908171
0.924239
0.969865
0.910225
0.552151
