0.575105
0.990028
1.12199
1.14968
1.20513
1.24621
1.29141
1.32968
1.36673
1.39771
1.42484
1.44532
1.46003
1.46711
1.46685
1.45793
1.44042
1.4134
1.37693
1.33043
1.27407
1.20763
1.13148
1.04574
0.951022
0.847789
0.73691
0.619147
0.495599
0.367277
0.235453
0.101308
-0.0337924
-0.168592
-0.301725
-0.431962
-0.558031
-0.678827
-0.793258
-0.900422
-0.999474
-1.08977
-1.17076
-1.24209
-1.3035
-1.35492
-1.39639
-1.42809
-1.45031
-1.46346
-1.46799
-1.46449
-1.45354
-1.43582
-1.41199
-1.38275
-1.3488
-1.31081
-1.26944
-1.22534
-1.17908
-1.13123
-1.0823
-1.03275
-0.982993
-0.933397
-0.884283
-0.83592
-0.788542
-0.742333
-0.697448
-0.653997
-0.612069
-0.571714
-0.532969
-0.495833
-0.460304
-0.426345
-0.393925
-0.362979
-0.333457
-0.305276
-0.278374
-0.252652
-0.228045
-0.204446
-0.181786
-0.159952
-0.138879
-0.118447
-0.0985966
-0.0792019
-0.0602097
-0.0414886
-0.0229934
-0.00458468
0.0137731
0.0322298
0.0508089
0.069674
0.088834
0.10847
0.128572
0.149345
0.170751
0.193027
0.216099
0.240245
0.265336
0.29171
0.319156
0.348101
0.378203
0.410028
0.443027
0.477998
0.514034
0.552357
0.591399
0.633248
0.674942
0.72063
0.763779
0.814823
0.854247
0.924252
0.888334
0.547369
