1
1.01227
1.02453
1.03679
1.04902
1.06123
1.07341
1.08556
1.09766
1.10971
1.1217
1.13363
1.14549
1.15726
1.16895
1.18055
1.19204
1.20342
1.21468
1.2258
1.2368
1.24764
1.25833
1.26885
1.2792
1.28936
1.29933
1.3091
1.31866
1.32799
1.33708
1.34594
1.35454
1.36287
1.37094
1.37871
1.38619
1.39337
1.40023
1.40676
1.41295
1.4188
1.42429
1.4294
1.43414
1.43849
1.44244
1.44597
1.44909
1.45177
1.45402
1.45581
1.45714
1.458
1.45839
1.45828
1.45768
1.45657
1.45494
1.4528
1.45012
1.4469
1.44314
1.43883
1.43395
1.42851
1.4225
1.41591
1.40874
1.40098
1.39262
1.38367
1.37412
1.36397
1.35321
1.34184
1.32986
1.31727
1.30407
1.29025
1.27582
1.26078
1.24513
1.22887
1.212
1.19453
1.17646
1.15779
1.13853
1.11868
1.09825
1.07725
1.05568
1.03355
1.01086
0.987631
0.963865
0.939573
0.914765
0.889451
0.863644
0.837354
0.810593
0.783374
0.755712
0.727618
0.699107
0.670195
0.640895
0.611224
0.581197
0.550831
0.520142
0.489147
0.457863
0.426309
0.394502
0.362461
0.330204
0.297751
0.265119
0.232328
0.199398
0.166349
0.133199
0.0999696
0.0666798
0.03335
-4.19915e-15
-0.03335
-0.0666798
-0.0999696
-0.133199
-0.166349
-0.199398
-0.232328
-0.265119
-0.297751
-0.330204
-0.362461
-0.394502
-0.426309
-0.457863
-0.489147
-0.520142
-0.550831
-0.581197
-0.611224
-0.640895
-0.670195
-0.699107
-0.727618
-0.755712
-0.783374
-0.810593
-0.837354
-0.863644
-0.889451
-0.914765
-0.939573
-0.963865
-0.987631
-1.01086
-1.03355
-1.05568
-1.07725
-1.09825
-1.11868
-1.13853
-1.15779
-1.17646
-1.19453
-1.212
-1.22887
-1.24513
-1.26078
-1.27582
-1.29025
-1.30407
-1.31727
-1.32986
-1.34184
-1.35321
-1.36397
-1.37412
-1.38367
-1.39262
-1.40098
-1.40874
-1.41591
-1.4225
-1.42851
-1.43395
-1.43883
-1.44314
-1.4469
-1.45012
-1.4528
-1.45494
-1.45657
-1.45768
-1.45828
-1.45839
-1.458
-1.45714
-1.45581
-1.45402
-1.45177
-1.44909
-1.44597
-1.44244
-1.43849
-1.43414
-1.4294
-1.42429
-1.4188
-1.41295
-1.40676
-1.40023
-1.39337
-1.38619
-1.37871
-1.37094
-1.36287
-1.35454
-1.34594
-1.33708
-1.32799
-1.31866
-1.3091
-1.29933
-1.28936
-1.2792
-1.26885
-1.25833
-1.24764
-1.2368
-1.2258
-1.21468
-1.20342
-1.19204
-1.18055
-1.16895
-1.15726
-1.14549
-1.13363
-1.1217
-1.10971
-1.09766
-1.08556
-1.07341
-1.06123
-1.04902
-1.03679
-1.02453
-1.01227
-1
-0.98773
-0.975466
-0.963213
-0.950975
-0.938758
-0.926566
-0.914405
-0.902277
-0.890189
-0.878143
-0.866143
-0.854194
-0.842298
-0.83046
-0.818682
-0.806968
-0.79532
-0.783741
-0.772235
-0.760802
-0.749446
-0.73817
-0.726974
-0.715861
-0.704833
-0.693891
-0.683038
-0.672273
-0.6616
-0.651019
-0.64053
-0.630136
-0.619837
-0.609634
-0.599527
-0.589517
-0.579605
-0.569791
-0.560075
-0.550458
-0.54094
-0.53152
-0.5222
-0.512978
-0.503855
-0.494831
-0.485904
-0.477076
-0.468345
-0.459711
-0.451174
-0.442733
-0.434388
-0.426137
-0.417981
-0.409917
-0.401947
-0.394068
-0.38628
-0.378583
-0.370974
-0.363454
-0.356021
-0.348673
-0.341412
-0.334234
-0.327139
-0.320126
-0.313193
-0.30634
-0.299566
-0.292868
-0.286247
-0.2797
-0.273227
-0.266826
-0.260495
-0.254234
-0.248042
-0.241917
-0.235857
-0.229862
-0.223929
-0.218059
-0.212248
-0.206497
-0.200803
-0.195166
-0.189583
-0.184054
-0.178577
-0.173151
-0.167775
-0.162446
-0.157164
-0.151927
-0.146734
-0.141584
-0.136475
-0.131405
-0.126374
-0.12138
-0.116421
-0.111497
-0.106605
-0.101745
-0.096915
-0.0921136
-0.0873396
-0.0825914
-0.0778679
-0.0731675
-0.068489
-0.0638309
-0.0591919
-0.0545706
-0.0499657
-0.0453757
-0.0407994
-0.0362353
-0.031682
-0.0271384
-0.0226028
-0.0180741
-0.0135508
-0.00903161
-0.00451513
-5.63002e-15
0.00451513
0.00903161
0.0135508
0.0180741
0.0226028
0.0271384
0.031682
0.0362353
0.0407994
0.0453757
0.0499657
0.0545706
0.0591919
0.0638309
0.068489
0.0731675
0.0778679
0.0825914
0.0873396
0.0921136
0.096915
0.101745
0.106605
0.111497
0.116421
0.12138
0.126374
0.131405
0.136475
0.141584
0.146734
0.151927
0.157164
0.162446
0.167775
0.173151
0.178577
0.184054
0.189583
0.195166
0.200803
0.206497
0.212248
0.218059
0.223929
0.229862
0.235857
0.241917
0.248042
0.254234
0.260495
0.266826
0.273227
0.2797
0.286247
0.292868
0.299566
0.30634
0.313193
0.320126
0.327139
0.334234
0.341412
0.348673
0.356021
0.363454
0.370974
0.378583
0.38628
0.394068
0.401947
0.409917
0.417981
0.426137
0.434388
0.442733
0.451174
0.459711
0.468345
0.477076
0.485904
0.494831
0.503855
0.512978
0.5222
0.53152
0.54094
0.550458
0.560075
0.569791
0.579605
0.589517
0.599527
0.609634
0.619837
0.630136
0.64053
0.651019
0.6616
0.672273
0.683038
0.693891
0.704833
0.715861
0.726974
0.73817
0.749446
0.760802
0.772235
0.783741
0.79532
0.806968
0.818682
0.83046
0.842298
0.854194
0.866143
0.878143
0.890189
0.902277
0.914405
0.926566
0.938758
0.950975
0.963213
0.975466
0.98773
