0.593769
1.04886
1.22706
1.29472
1.37861
1.43185
1.46788
1.47078
1.44208
1.37382
1.26674
1.1186
0.93309
0.713576
0.467788
0.203693
-0.0680889
-0.337422
-0.593484
-0.827162
-1.03036
-1.19761
-1.32537
-1.41282
-1.46104
-1.47316
-1.45347
-1.40725
-1.34005
-1.25746
-1.1646
-1.06605
-0.965613
-0.86633
-0.770479
-0.679608
-0.594725
-0.516251
-0.444332
-0.37867
-0.318936
-0.264437
-0.214652
-0.168696
-0.126025
-0.0856525
-0.047109
-0.00931165
0.0280788
0.0662962
0.105483
0.147137
0.191066
0.239226
0.290769
0.348514
0.410135
0.480407
0.553148
0.63915
0.718501
0.833665
0.844131
0.537598
