0.308097
1.31403
0.820046
1.15968
0.915683
1.12194
0.961312
1.11039
0.991443
1.10874
1.0148
1.11186
1.03459
1.11763
1.05226
1.12501
1.06856
1.13343
1.08391
1.14255
1.09857
1.15215
1.11269
1.16208
1.12639
1.17226
1.13973
1.18258
1.15277
1.19302
1.16554
1.2035
1.17807
1.21401
1.19036
1.22451
1.20244
1.23497
1.21431
1.24537
1.22596
1.2557
1.23741
1.26593
1.24865
1.27605
1.25968
1.28604
1.2705
1.29588
1.28109
1.30557
1.29146
1.31509
1.30159
1.32443
1.31149
1.33357
1.32114
1.34251
1.33054
1.35122
1.33967
1.3597
1.34854
1.36794
1.35712
1.37592
1.36541
1.38363
1.37341
1.39106
1.3811
1.39821
1.38846
1.40505
1.39551
1.41157
1.40221
1.41777
1.40857
1.42364
1.41457
1.42915
1.4202
1.43431
1.42545
1.4391
1.43032
1.44351
1.43479
1.44752
1.43885
1.45114
1.4425
1.45434
1.44572
1.45712
1.4485
1.45946
1.45083
1.46136
1.4527
1.46281
1.45411
1.4638
1.45505
1.46431
1.4555
1.46433
1.45546
1.46387
1.45491
1.46291
1.45385
1.46143
1.45228
1.45944
1.45017
1.45692
1.44754
1.45387
1.44435
1.45027
1.44062
1.44613
1.43633
1.44142
1.43148
1.43616
1.42606
1.43033
1.42006
1.42392
1.41348
1.41693
1.40631
1.40935
1.39855
1.40118
1.3902
1.39242
1.38125
1.38306
1.37169
1.3731
1.36152
1.36253
1.35075
1.35135
1.33936
1.33956
1.32736
1.32716
1.31474
1.31415
1.30151
1.30052
1.28767
1.28628
1.2732
1.27142
1.25813
1.25596
1.24244
1.23988
1.22613
1.22319
1.20922
1.2059
1.1917
1.18801
1.17358
1.16951
1.15486
1.15042
1.13555
1.13074
1.11565
1.11048
1.09516
1.08963
1.0741
1.06822
1.05247
1.04624
1.03027
1.0237
1.00752
1.00061
0.984222
0.976983
0.960389
0.952824
0.936027
0.928143
0.911149
0.902951
0.885764
0.87726
0.859884
0.85108
0.833521
0.824424
0.806686
0.797304
0.779393
0.769733
0.751655
0.741724
0.723485
0.713293
0.694899
0.684452
0.665911
0.655218
0.636535
0.625605
0.606788
0.595629
0.576685
0.565306
0.546243
0.534654
0.515479
0.503688
0.484409
0.472427
0.453052
0.440887
0.421425
0.409087
0.389546
0.377045
0.357434
0.34478
0.325107
0.31231
0.292585
0.279655
0.259886
0.246833
0.227029
0.213864
0.194035
0.180768
0.160923
0.147565
0.127713
0.114273
0.0944248
0.0809144
0.0610783
0.0475079
0.0276937
0.0140738
-0.0057087
-0.0193675
-0.0391088
-0.0527961
-0.0724865
-0.0861916
-0.105822
-0.119534
-0.139094
-0.152803
-0.172284
-0.18598
-0.205371
-0.219043
-0.238335
-0.251973
-0.271158
-0.284752
-0.303818
-0.317358
-0.336298
-0.349774
-0.368578
-0.38198
-0.400639
-0.413957
-0.432463
-0.445688
-0.46403
-0.477153
-0.495324
-0.508335
-0.526326
-0.539216
-0.557019
-0.569779
-0.587387
-0.600008
-0.617411
-0.629885
-0.647076
-0.659395
-0.676367
-0.688522
-0.705267
-0.717251
-0.733761
-0.745567
-0.761836
-0.773455
-0.789476
-0.800902
-0.816669
-0.827895
-0.8434
-0.854419
-0.869658
-0.880464
-0.89543
-0.906016
-0.920705
-0.931066
-0.945471
-0.955601
-0.969717
-0.979611
-0.993435
-1.00309
-1.01661
-1.02602
-1.03925
-1.0484
-1.06132
-1.07022
-1.08283
-1.09147
-1.10377
-1.11215
-1.12413
-1.13225
-1.14391
-1.15176
-1.1631
-1.17068
-1.1817
-1.189
-1.19969
-1.20672
-1.21708
-1.22383
-1.23387
-1.24034
-1.25005
-1.25624
-1.26561
-1.27152
-1.28057
-1.28619
-1.29491
-1.30025
-1.30863
-1.31369
-1.32174
-1.32651
-1.33424
-1.33873
-1.34612
-1.35033
-1.35739
-1.36131
-1.36805
-1.37169
-1.3781
-1.38147
-1.38755
-1.39064
-1.3964
-1.39921
-1.40465
-1.40718
-1.4123
-1.41456
-1.41937
-1.42136
-1.42585
-1.42758
-1.43176
-1.43322
-1.43709
-1.43828
-1.44185
-1.44279
-1.44606
-1.44674
-1.44971
-1.45014
-1.45282
-1.453
-1.45538
-1.45532
-1.45742
-1.45712
-1.45893
-1.45839
-1.45993
-1.45916
-1.46043
-1.45942
-1.46042
-1.4592
-1.45993
-1.45848
-1.45896
-1.4573
-1.45752
-1.45565
-1.45562
-1.45354
-1.45327
-1.45099
-1.45048
-1.448
-1.44726
-1.44459
-1.44361
-1.44076
-1.43956
-1.43653
-1.43511
-1.43191
-1.43027
-1.4269
-1.42505
-1.42151
-1.41947
-1.41577
-1.41352
-1.40967
-1.40723
-1.40323
-1.4006
-1.39645
-1.39365
-1.38936
-1.38638
-1.38196
-1.37881
-1.37426
-1.37094
-1.36627
-1.36279
-1.358
-1.35437
-1.34946
-1.34568
-1.34067
-1.33674
-1.33163
-1.32756
-1.32235
-1.31815
-1.31284
-1.30852
-1.30312
-1.29867
-1.29319
-1.28863
-1.28307
-1.27839
-1.27276
-1.26797
-1.26227
-1.25737
-1.25161
-1.24661
-1.24079
-1.2357
-1.22983
-1.22464
-1.21872
-1.21345
-1.20748
-1.20213
-1.19612
-1.19069
-1.18464
-1.17914
-1.17306
-1.16749
-1.16138
-1.15575
-1.14961
-1.14391
-1.13776
-1.132
-1.12583
-1.12003
-1.11384
-1.10798
-1.10178
-1.09588
-1.08968
-1.08374
-1.07753
-1.07155
-1.06534
-1.05932
-1.05312
-1.04707
-1.04088
-1.0348
-1.02861
-1.02251
-1.01633
-1.01021
-1.00405
-0.997901
-0.991763
-0.985598
-0.979481
-0.973301
-0.967209
-0.961016
-0.954951
-0.948749
-0.942713
-0.936503
-0.930499
-0.924285
-0.918314
-0.912097
-0.906162
-0.899945
-0.894049
-0.887833
-0.881977
-0.875765
-0.869951
-0.863744
-0.857975
-0.851775
-0.846051
-0.83986
-0.834185
-0.828004
-0.822378
-0.81621
-0.810634
-0.80448
-0.798956
-0.792817
-0.787348
-0.781224
-0.77581
-0.769705
-0.764347
-0.75826
-0.75296
-0.746893
-0.741652
-0.735606
-0.730425
-0.724401
-0.71928
-0.713279
-0.70822
-0.702243
-0.697247
-0.691294
-0.686362
-0.680434
-0.675565
-0.669664
-0.66486
-0.658985
-0.654247
-0.648399
-0.643727
-0.637906
-0.633301
-0.627508
-0.622971
-0.617206
-0.612736
-0.607
-0.602598
-0.596891
-0.592558
-0.58688
-0.582615
-0.576966
-0.572771
-0.567151
-0.563025
-0.557435
-0.553378
-0.547817
-0.54383
-0.538299
-0.534382
-0.52888
-0.525032
-0.51956
-0.515782
-0.510339
-0.506631
-0.501217
-0.497579
-0.492194
-0.488625
-0.483269
-0.47977
-0.474442
-0.471013
-0.465713
-0.462353
-0.457081
-0.45379
-0.448546
-0.445324
-0.440107
-0.436954
-0.431764
-0.428679
-0.423515
-0.420499
-0.415361
-0.412412
-0.4073
-0.404419
-0.399332
-0.396518
-0.391455
-0.388708
-0.383669
-0.380989
-0.375974
-0.37336
-0.368367
-0.365819
-0.360848
-0.358366
-0.353417
-0.351
-0.346071
-0.343719
-0.338811
-0.336523
-0.331634
-0.329411
-0.324541
-0.32238
-0.317529
-0.315431
-0.310597
-0.308562
-0.303745
-0.301772
-0.296971
-0.295059
-0.290273
-0.288423
-0.283652
-0.281862
-0.277105
-0.275375
-0.270631
-0.268961
-0.264229
-0.262618
-0.257897
-0.256345
-0.251635
-0.250141
-0.245441
-0.244005
-0.239314
-0.237934
-0.233252
-0.231929
-0.227254
-0.225987
-0.221318
-0.220107
-0.215444
-0.214288
-0.20963
-0.208529
-0.203875
-0.202827
-0.198177
-0.197183
-0.192534
-0.191594
-0.186946
-0.186058
-0.181412
-0.180576
-0.175929
-0.175144
-0.170496
-0.169763
-0.165113
-0.16443
-0.159777
-0.159144
-0.154487
-0.153904
-0.149242
-0.148708
-0.14404
-0.143555
-0.138881
-0.138444
-0.133762
-0.133373
-0.128682
-0.128341
-0.123641
-0.123346
-0.118635
-0.118387
-0.113665
-0.113463
-0.108728
-0.108572
-0.103824
-0.103713
-0.0989509
-0.0988843
-0.0941071
-0.0940849
-0.0892914
-0.0893132
-0.0845025
-0.0845678
-0.079739
-0.0798474
-0.0749995
-0.0751507
-0.0702826
-0.0704762
-0.0655869
-0.0658225
-0.060911
-0.0611884
-0.0562537
-0.0565723
-0.0516134
-0.051973
-0.0469888
-0.0473891
-0.0423786
-0.0428192
-0.0377814
-0.038262
-0.0331958
-0.0337161
-0.0286203
-0.0291801
-0.0240538
-0.0246526
-0.0194947
-0.0201324
-0.0149417
-0.015618
-0.0103935
-0.0111081
-0.00584862
-0.00660125
-0.00130575
-0.00209621
0.00323649
0.00240843
0.00777948
0.00691403
0.0123246
0.011422
0.0168732
0.0159335
0.0214266
0.0204502
0.0259863
0.0249732
0.0305536
0.029504
0.0351298
0.0340439
0.0397165
0.0385943
0.0443148
0.0431565
0.0489262
0.0477319
0.0535522
0.0523219
0.058194
0.0569278
0.062853
0.061551
0.0675306
0.0661929
0.0722283
0.0708547
0.0769473
0.075538
0.0816891
0.080244
0.0864551
0.0849741
0.0912466
0.0897298
0.0960651
0.0945122
0.100912
0.099323
0.105788
0.104163
0.110696
0.109035
0.115636
0.113938
0.12061
0.118876
0.12562
0.123848
0.130666
0.128857
0.13575
0.133904
0.140874
0.13899
0.146039
0.144116
0.151246
0.149285
0.156496
0.154496
0.161792
0.159753
0.167135
0.165056
0.172525
0.170406
0.177965
0.175804
0.183455
0.181253
0.188998
0.186754
0.194594
0.192307
0.200245
0.197915
0.205953
0.203578
0.211718
0.209298
0.217543
0.215076
0.223428
0.220914
0.229375
0.226813
0.235385
0.232773
0.24146
0.238798
0.247601
0.244887
0.253809
0.251043
0.260087
0.257265
0.266434
0.263557
0.272853
0.269918
0.279344
0.27635
0.28591
0.282855
0.292551
0.289433
0.299269
0.296086
0.306065
0.302815
0.31294
0.309621
0.319896
0.316505
0.326933
0.323468
0.334054
0.330512
0.341259
0.337637
0.348549
0.344845
0.355926
0.352136
0.363391
0.359511
0.370944
0.366972
0.378588
0.374519
0.386323
0.382153
0.394149
0.389875
0.40207
0.397685
0.410084
0.405585
0.418193
0.413575
0.426399
0.421656
0.434701
0.429828
0.443102
0.438091
0.451602
0.446447
0.460201
0.454896
0.4689
0.463437
0.477701
0.472072
0.486604
0.4808
0.495609
0.489621
0.504718
0.498536
0.51393
0.507545
0.523247
0.516646
0.532669
0.525841
0.542197
0.535128
0.551831
0.544507
0.561571
0.553977
0.571418
0.563539
0.581373
0.57319
0.591435
0.582929
0.601606
0.592756
0.611885
0.602669
0.622274
0.612667
0.632772
0.622747
0.64338
0.632907
0.654098
0.643145
0.664928
0.653459
0.67587
0.663845
0.686924
0.6743
0.698093
0.68482
0.709377
0.695401
0.720777
0.706037
0.732297
0.716723
0.743938
0.727453
0.755704
0.738219
0.767599
0.749011
0.779628
0.75982
0.791798
0.770633
0.804118
0.781437
0.816598
0.792211
0.829253
0.802936
0.842102
0.813583
0.85517
0.824117
0.868489
0.834493
0.882107
0.844649
0.896088
0.854502
0.910522
0.863935
0.925544
0.872773
0.941361
0.88075
0.958302
0.887432
0.976925
0.89206
0.99826
0.893174
1.02442
0.887552
1.06054
0.866443
1.12291
0.795245
1.30222
0.30621
