0.316974
1.36481
0.913522
1.29612
1.09297
1.33844
1.21499
1.39722
1.30928
1.45114
1.3793
1.48962
1.42275
1.50501
1.43565
1.49108
1.41389
1.44282
1.35406
1.35677
1.2541
1.23131
1.11379
1.06702
0.935119
0.866833
0.722373
0.636063
0.482091
0.38215
0.222716
0.114228
-0.04594
-0.157518
-0.313391
-0.422599
-0.569256
-0.671014
-0.804024
-0.893972
-1.00972
-1.08449
-1.1804
-1.23777
-1.31242
-1.35138
-1.4045
-1.42517
-1.45753
-1.46102
-1.47426
-1.46243
-1.45882
-1.43409
-1.41627
-1.38132
-1.3521
-1.30966
-1.2718
-1.2245
-1.18054
-1.13074
-1.0829
-1.03265
-0.982794
-0.933734
-0.883328
-0.836741
-0.786871
-0.743684
-0.695092
-0.655922
-0.609051
-0.574253
-0.5293
-0.499022
-0.455986
-0.43022
-0.388951
-0.367575
-0.327813
-0.310629
-0.272033
-0.258799
-0.220977
-0.211429
-0.173949
-0.167819
-0.130222
-0.127254
-0.0890595
-0.0890138
-0.0497204
-0.0523844
-0.0114654
-0.0166585
0.0264437
0.0188636
0.0647481
0.0548758
0.104196
0.0920673
0.14555
0.131121
0.189587
0.172709
0.237105
0.217477
0.288922
0.266021
0.345877
0.318849
0.408829
0.376304
0.478677
0.438452
0.556412
0.504859
0.643298
0.574141
0.741413
0.6428
0.855505
0.701307
1.00117
0.713332
1.26917
0.301665
