0.311865
1.33569
0.859915
1.21833
0.992369
1.21689
1.07401
1.2406
1.13887
1.27268
1.19514
1.30748
1.24547
1.34226
1.29073
1.37539
1.33102
1.40565
1.36611
1.43202
1.39558
1.45362
1.41892
1.46962
1.43557
1.47925
1.44493
1.48179
1.44644
1.47659
1.43956
1.46306
1.42379
1.44069
1.39873
1.40905
1.36403
1.36784
1.31948
1.31685
1.26495
1.25601
1.20048
1.18538
1.1262
1.10519
1.04241
1.01577
0.949561
0.91763
0.848226
0.811421
0.739133
0.697923
0.623137
0.578049
0.501215
0.452824
0.37445
0.323372
0.244011
0.190896
0.111136
0.0566539
-0.0228933
-0.0780621
-0.156774
-0.21195
-0.289207
-0.343724
-0.418919
-0.472135
-0.544689
-0.595999
-0.665368
-0.714212
-0.779902
-0.825775
-0.887343
-0.929803
-0.986872
-1.02554
-1.0778
-1.11238
-1.15959
-1.18984
-1.23183
-1.25761
-1.29428
-1.3155
-1.34683
-1.36348
-1.38951
-1.40163
-1.42246
-1.43018
-1.44596
-1.44944
-1.46039
-1.45984
-1.4662
-1.46189
-1.46393
-1.45614
-1.45419
-1.44322
-1.4376
-1.42378
-1.41484
-1.39851
-1.38659
-1.36809
-1.35353
-1.3332
-1.31635
-1.29451
-1.27569
-1.25266
-1.23219
-1.20828
-1.18645
-1.16193
-1.13903
-1.11416
-1.09042
-1.06545
-1.04111
-1.01625
-0.991516
-0.966955
-0.942003
-0.917912
-0.8929
-0.869425
-0.844487
-0.821752
-0.796999
-0.775108
-0.750632
-0.72967
-0.705542
-0.685576
-0.66185
-0.642931
-0.619648
-0.601813
-0.578994
-0.562267
-0.539926
-0.524319
-0.502454
-0.487972
-0.466574
-0.453211
-0.432261
-0.420004
-0.399477
-0.38831
-0.368173
-0.358073
-0.338288
-0.329229
-0.309756
-0.301709
-0.282501
-0.275437
-0.256446
-0.25033
-0.231505
-0.226307
-0.207595
-0.203281
-0.184626
-0.181164
-0.16251
-0.159867
-0.141156
-0.139302
-0.120475
-0.119379
-0.100375
-0.100009
-0.0807662
-0.0811036
-0.0615585
-0.0625739
-0.0426616
-0.0443318
-0.0239857
-0.0262898
-0.00544095
-0.00836037
0.0130623
0.00954349
0.031614
0.0275087
0.0503041
0.0456221
0.0692231
0.0639704
0.0884618
0.0826403
0.108112
0.101719
0.128265
0.121292
0.149015
0.141446
0.170454
0.162268
0.192678
0.183841
0.21578
0.20625
0.239857
0.229577
0.265002
0.2539
0.291312
0.279293
0.318881
0.305828
0.347802
0.333565
0.378168
0.362559
0.410069
0.392849
0.443596
0.424462
0.478837
0.457401
0.515883
0.491643
0.554829
0.527126
0.595781
0.563739
0.63887
0.601292
0.684277
0.63948
0.732283
0.677804
0.783371
0.715408
0.838467
0.750699
0.899553
0.780279
0.971601
0.795149
1.07078
0.760241
1.28819
0.304273
