0.309347
1.32123
0.833291
1.17921
0.941247
1.15371
0.999112
1.15429
1.04134
1.16462
1.07662
1.17952
1.1081
1.19682
1.13717
1.21541
1.16453
1.23467
1.19054
1.2542
1.21539
1.27371
1.23918
1.29301
1.26195
1.3119
1.2837
1.33027
1.30442
1.34796
1.32406
1.36487
1.34258
1.38088
1.35992
1.39589
1.37601
1.4098
1.39078
1.42251
1.40417
1.43393
1.41609
1.44395
1.42646
1.45249
1.43522
1.45946
1.44228
1.46477
1.44757
1.46833
1.45101
1.47006
1.45253
1.46989
1.45205
1.46774
1.44951
1.46353
1.44485
1.4572
1.43799
1.4487
1.42889
1.43795
1.4175
1.42491
1.40376
1.40954
1.38765
1.39179
1.36912
1.37163
1.34815
1.34905
1.32472
1.32401
1.29882
1.29653
1.27044
1.26658
1.2396
1.23419
1.2063
1.19936
1.17057
1.16212
1.13243
1.12252
1.09193
1.08058
1.04911
1.03637
1.00404
0.989942
0.95678
0.941371
0.907405
0.890737
0.856001
0.838127
0.802661
0.783638
0.747485
0.727375
0.690585
0.669451
0.632075
0.609985
0.572081
0.549105
0.510732
0.486944
0.448165
0.423641
0.384523
0.35934
0.319952
0.29419
0.254604
0.228345
0.188633
0.16196
0.122197
0.0951942
0.0554568
0.0282081
-0.0114272
-0.038837
-0.0782928
-0.105779
-0.144978
-0.172457
-0.211322
-0.23871
-0.277165
-0.304381
-0.342351
-0.369313
-0.406725
-0.433355
-0.470137
-0.496359
-0.532441
-0.558182
-0.593497
-0.618686
-0.653169
-0.677739
-0.711329
-0.735215
-0.767855
-0.790997
-0.822632
-0.844973
-0.875552
-0.89704
-0.926518
-0.947103
-0.975437
-0.995077
-1.02223
-1.04088
-1.06682
-1.08445
-1.10914
-1.12573
-1.14914
-1.16465
-1.18678
-1.20119
-1.22201
-1.2353
-1.25481
-1.26697
-1.28515
-1.29619
-1.31303
-1.32293
-1.33845
-1.34721
-1.36141
-1.36904
-1.38192
-1.38843
-1.40001
-1.40541
-1.4157
-1.42001
-1.42904
-1.43227
-1.44006
-1.44224
-1.44882
-1.44997
-1.45536
-1.45551
-1.45974
-1.45893
-1.46204
-1.46029
-1.46231
-1.45966
-1.46064
-1.45712
-1.45709
-1.45274
-1.45174
-1.44661
-1.44467
-1.43879
-1.43596
-1.42938
-1.42571
-1.41846
-1.41398
-1.40612
-1.40088
-1.39243
-1.38647
-1.37749
-1.37086
-1.36138
-1.35411
-1.34418
-1.33632
-1.32598
-1.31757
-1.30685
-1.29794
-1.28689
-1.27751
-1.26616
-1.25635
-1.24475
-1.23455
-1.22273
-1.21218
-1.20017
-1.1893
-1.17714
-1.16598
-1.15371
-1.1423
-1.12995
-1.11831
-1.1059
-1.09408
-1.08164
-1.06966
-1.05722
-1.0451
-1.03269
-1.02046
-1.00811
-0.995788
-0.983509
-0.971124
-0.958942
-0.946514
-0.934449
-0.921997
-0.910068
-0.89761
-0.885834
-0.873386
-0.86178
-0.849357
-0.837936
-0.825552
-0.814329
-0.801997
-0.790983
-0.778715
-0.767923
-0.755728
-0.745166
-0.733053
-0.722732
-0.710709
-0.700636
-0.68871
-0.678891
-0.667068
-0.65751
-0.645794
-0.636501
-0.624896
-0.615873
-0.604383
-0.595633
-0.584259
-0.575785
-0.564528
-0.556332
-0.545194
-0.537276
-0.526257
-0.518619
-0.507718
-0.50036
-0.489575
-0.482496
-0.471826
-0.465026
-0.454469
-0.447946
-0.437499
-0.431251
-0.42091
-0.414937
-0.404699
-0.398996
-0.388858
-0.383424
-0.37338
-0.368212
-0.358258
-0.353353
-0.343484
-0.338838
-0.329049
-0.324659
-0.314945
-0.310807
-0.301162
-0.297272
-0.28769
-0.284045
-0.27452
-0.271116
-0.261642
-0.258475
-0.249045
-0.246111
-0.236719
-0.234013
-0.224653
-0.222172
-0.212836
-0.210576
-0.201258
-0.199214
-0.189907
-0.188076
-0.178773
-0.17715
-0.167844
-0.166426
-0.157109
-0.155892
-0.146557
-0.145537
-0.136177
-0.13535
-0.125958
-0.12532
-0.115888
-0.115436
-0.105956
-0.105687
-0.0961516
-0.0960613
-0.086463
-0.0865484
-0.0768791
-0.0771371
-0.0673889
-0.0678164
-0.0579812
-0.0585754
-0.048645
-0.049403
-0.0393691
-0.0402883
-0.0301425
-0.0312204
-0.0209541
-0.0221884
-0.0117929
-0.0131813
-0.0026478
-0.00418828
0.00649222
0.00480152
0.0156382
0.013799
0.0248013
0.022815
0.0339925
0.0318604
0.0432229
0.0409461
0.0525035
0.050083
0.0618457
0.0592819
0.0712604
0.0685537
0.0807588
0.0779094
0.0903522
0.0873597
0.100052
0.0969158
0.109869
0.106588
0.119815
0.116388
0.129901
0.126327
0.140138
0.136415
0.150538
0.146663
0.161113
0.157082
0.171873
0.167683
0.18283
0.178476
0.193995
0.189474
0.205381
0.200685
0.216998
0.212121
0.228858
0.223793
0.240972
0.23571
0.253351
0.247883
0.266007
0.260322
0.278951
0.273036
0.292194
0.286035
0.305747
0.299329
0.31962
0.312925
0.333825
0.326834
0.348371
0.341061
0.363269
0.355616
0.378529
0.370505
0.394161
0.385734
0.410173
0.401308
0.426576
0.417233
0.443377
0.433511
0.460586
0.450145
0.478211
0.467137
0.496259
0.484486
0.514739
0.50219
0.533657
0.520246
0.553022
0.538647
0.57284
0.557386
0.593121
0.57645
0.613872
0.595824
0.635104
0.615489
0.656829
0.635419
0.679061
0.655583
0.70182
0.675938
0.725133
0.696432
0.749036
0.716993
0.773584
0.737527
0.798856
0.757901
0.824971
0.777928
0.85212
0.79732
0.880612
0.815626
0.910988
0.832061
0.944255
0.845138
0.982505
0.851604
1.03085
0.842663
1.10558
0.783604
1.29757
0.305566
