0.327507
1.42371
1.0205
1.44353
1.27133
1.52823
1.3996
1.54408
1.39538
1.43349
1.23294
1.16761
0.906234
0.752287
0.443495
0.231876
-0.0924759
-0.31928
-0.618651
-0.817355
-1.05529
-1.19352
-1.34812
-1.4117
-1.47975
-1.47295
-1.467
-1.40692
-1.34818
-1.25694
-1.16778
-1.06588
-0.964633
-0.867301
-0.766084
-0.682446
-0.587456
-0.521541
-0.434467
-0.386853
-0.306508
-0.275873
-0.199495
-0.183746
-0.107797
-0.10476
-0.0252934
-0.0330894
0.0542255
0.0369537
0.137052
0.110876
0.229742
0.193904
0.339355
0.290464
0.473773
0.40253
0.642797
0.524469
0.864866
0.619804
1.23019
0.296349
