4
4.00613592315154
4.01227184630308
4.01840776945463
4.02454369260617
4.03067961575771
4.03681553890926
4.0429514620608
4.04908738521234
4.05522330836388
4.06135923151542
4.06749515466697
4.07363107781851
4.07976700097005
4.0859029241216
4.09203884727314
4.09817477042468
4.10431069357622
4.11044661672777
4.11658253987931
4.12271846303085
4.12885438618239
4.13499030933394
4.14112623248548
4.14726215563702
4.15339807878856
4.15953400194011
4.16566992509165
4.17180584824319
4.17794177139473
4.18407769454628
4.19021361769782
4.19634954084936
4.2024854640009
4.20862138715245
4.21475731030399
4.22089323345553
4.22702915660707
4.23316507975862
4.23930100291016
4.2454369260617
4.25157284921324
4.25770877236479
4.26384469551633
4.26998061866787
4.27611654181942
4.28225246497096
4.2883883881225
4.29452431127404
4.30066023442559
4.30679615757713
4.31293208072867
4.31906800388021
4.32520392703176
4.3313398501833
4.33747577333484
4.34361169648638
4.34974761963793
4.35588354278947
4.36201946594101
4.36815538909255
4.3742913122441
4.38042723539564
4.38656315854718
4.39269908169872
4.39883500485027
4.40497092800181
4.41110685115335
4.41724277430489
4.42337869745644
4.42951462060798
4.43565054375952
4.44178646691106
4.44792239006261
4.45405831321415
4.46019423636569
4.46633015951724
4.47246608266878
4.47860200582032
4.48473792897186
4.49087385212341
4.49700977527495
4.50314569842649
4.50928162157803
4.51541754472958
4.52155346788112
4.52768939103266
4.5338253141842
4.53996123733575
4.54609716048729
4.55223308363883
4.55836900679037
4.56450492994192
4.57064085309346
4.576776776245
4.58291269939654
4.58904862254809
4.59518454569963
4.60132046885117
4.60745639200271
4.61359231515426
4.6197282383058
4.62586416145734
4.63200008460888
4.63813600776043
4.64427193091197
4.65040785406351
4.65654377721505
4.6626797003666
4.66881562351814
4.67495154666968
4.68108746982123
4.68722339297277
4.69335931612431
4.69949523927585
4.70563116242739
4.71176708557894
4.71790300873048
4.72403893188202
4.73017485503356
4.73631077818511
4.74244670133665
4.74858262448819
4.75471854763973
4.76085447079128
4.76699039394282
4.77312631709436
4.77926224024591
4.78539816339745
4.79153408654899
4.79767000970053
4.80380593285208
4.80994185600362
4.81607777915516
4.8222137023067
4.82834962545825
4.83448554860979
4.84062147176133
4.84675739491287
4.85289331806441
4.85902924121596
4.8651651643675
4.87130108751904
4.87743701067058
4.88357293382213
4.88970885697367
4.89584478012521
4.90198070327675
4.9081166264283
4.91425254957984
4.92038847273138
4.92652439588292
4.93266031903446
4.93879624218601
4.94493216533755
4.95106808848909
4.95720401164063
4.96333993479217
4.96947585794372
4.97561178109526
4.9817477042468
4.98788362739834
4.99401955054988
5.00015547370142
5.00629139685296
5.0124273200045
5.01856324315605
5.02469916630759
5.03083508945913
5.03697101261067
5.04310693576221
5.04924285891375
5.05537878206528
5.06151470521682
5.06765062836836
5.0737865515199
5.07992247467144
5.08605839782297
5.09219432097451
5.09833024412605
5.10446616727758
5.11060209042912
5.11673801358065
5.12287393673218
5.12900985988371
5.13514578303525
5.14128170618678
5.1474176293383
5.15355355248983
5.15968947564136
5.16582539879288
5.1719613219444
5.17809724509592
5.18423316824744
5.19036909139895
5.19650501455046
5.20264093770197
5.20877686085348
5.21491278400498
5.22104870715647
5.22718463030797
5.23332055345945
5.23945647661093
5.24559239976241
5.25172832291388
5.25786424606534
5.26400016921679
5.27013609236824
5.27627201551967
5.28240793867109
5.2885438618225
5.2946797849739
5.30081570812528
5.30695163127665
5.313087554428
5.31922347757933
5.32535940073064
5.33149532388192
5.33763124703318
5.3437671701844
5.3499030933356
5.35603901648676
5.36217493963789
5.36831086278897
5.37444678594
5.38058270909098
5.38671863224191
5.39285455539278
5.39899047854357
5.40512640169429
5.41126232484493
5.41739824799547
5.42353417114591
5.42967009429625
5.43580601744646
5.44194194059653
5.44807786374646
5.45421378689622
5.4603497100458
5.46648563319519
5.47262155634435
5.47875747949328
5.48489340264194
5.49102932579031
5.49716524893836
5.50330117208605
5.50943709523336
5.51557301838024
5.52170894152664
5.52784486467253
5.53398078781784
5.54011671096252
5.54625263410651
5.55238855724973
5.55852448039212
5.56466040353357
5.57079632667401
5.57693224981332
5.58306817295139
5.5892040960881
5.59534001922331
5.60147594235687
5.6076118654886
5.61374778861834
5.61988371174586
5.62601963487096
5.63215555799338
5.63829148111286
5.64442740422909
5.65056332734174
5.65669925045046
5.66283517355485
5.66897109665447
5.67510701974884
5.68124294283742
5.68737886591963
5.69351478899482
5.69965071206229
5.70578663512125
5.71192255817084
5.71805848121012
5.72419440423804
5.73033032725346
5.7364662502551
5.74260217324157
5.74873809621134
5.75487401916272
5.76100994209384
5.76714586500266
5.77328178788693
5.77941771074415
5.78555363357159
5.79168955636624
5.79782547912478
5.80396140184355
5.81009732451854
5.8162332471453
5.82236916971897
5.82850509223417
5.83464101468499
5.8407769370649
5.84691285936675
5.85304878158261
5.85918470370381
5.86532062572076
5.8714565476229
5.87759246939863
5.88372839103516
5.8898643125184
5.89600023383283
5.90213615496139
5.90827207588526
5.91440799658373
5.920543917034
5.92667983721095
5.93281575708693
5.93895167663149
5.94508759581109
5.95122351458881
5.95735943292399
5.96349535077184
5.96963126808306
5.97576718480335
5.98190310087292
5.98803901622594
5.9941749307899
6.00031084448496
6.00644675722321
6.01258266890783
6.01871857943223
6.024854488679
6.03099039651888
6.03712630280952
6.04326220739417
6.0493981101002
6.05553401073754
6.06166990909689
6.06780580494775
6.07394169803631
6.08007758808308
6.08621347478029
6.09234935778903
6.0984852367361
6.10462111121053
6.11075698075979
6.11689284488554
6.12302870303903
6.12916455461598
6.13530039895097
6.14143623531126
6.14757206288996
6.15370788079855
6.15984368805861
6.1659794835927
6.17211526621439
6.17825103461719
6.18438678736244
6.19052252286589
6.19665823938301
6.20279393499276
6.20892960757972
6.21506525481443
6.22120087413175
6.22733646270697
6.23347201742962
6.23960753487446
6.24574301126973
6.25187844246202
6.25801382387767
6.26414915048028
6.27028441672386
6.27641961650127
6.28255474308746
6.28868978907695
6.29482474631495
6.30095960582161
6.30709435770848
6.31322899108663
6.31936349396537
6.32549785314083
6.3316320540732
6.33776608075152
6.34389991554492
6.35003353903865
6.35616692985362
6.36230006444767
6.36843291689674
6.37456545865383
6.38069765828369
6.38682948117059
6.39296088919654
6.39909184038699
6.40522228852065
6.41135218269989
6.41748146687762
6.42361007933639
6.42973795211472
6.43586501037553
6.44199117171052
6.44811634537437
6.45424043144142
6.46036331987704
6.46648488951516
6.47260500693238
6.4787235252083
6.48484028256042
6.49095510084119
6.497067783883
6.50317811567601
6.5092858583618
6.51539075002427
6.52149250225742
6.52759079748736
6.53368528602392
6.53977558281452
6.54586126387028
6.55194186233146
6.55801686413581
6.56408570324999
6.57014775641998
6.57620233739233
6.58224869055292
6.58828598392497
6.59431330146184
6.60032963456427
6.6063338727441
6.61232479334956
6.61830105025814
6.62426116143422
6.63020349523863
6.63612625536589
6.64202746427319
6.64790494495178
6.65375630087722
6.65957889395888
6.66536982029249
6.67112588350047
6.67684356542472
6.68251899391455
6.68814790742871
6.69372561614449
6.69924695923941
6.70470625798071
6.7100972642262
6.71541310390515
6.72064621501169
6.725788279604
6.73083014926161
6.73576176340994
6.7405720598762
6.74524887699439
6.74977884652943
6.75414727664269
6.75833802407349
6.76233335466537
6.76611379132246
6.76965794844311
6.77294235184624
6.77594124318388
6.77862636782434
6.78096674519876
6.7829284206339
6.7844741977526
6.78556335061737
6.78615131493052
6.78618935779658
6.7856242258113
6.78439777158001
6.78244655920294
6.77970144981353
6.77608716893967
6.7715218582983
6.76591661565667
6.75917502762467
6.75119270170953
6.74185680569281
6.73104562440712
6.71862814631514
6.70446369494287
6.68840162319373
6.67028109185913
6.64993095720851
6.62716979632404
6.60180610273965
6.57363868880116
6.54245733477675
6.50804372784093
6.47017273628018
6.42861406519607
6.38313433910187
6.33349965354148
6.27947863157655
6.22084601104158
6.1573867742547
6.08890081289855
6.01520809676554
5.93615428602791
5.85161669311608
5.76151046319927
5.66579480334513
5.5644790520772
5.45762834631991
5.34536861524753
5.22789061427225
5.10545271120602
4.97838215386297
4.84707458631262
4.71199164032334
4.57365650786286
4.43264749617558
4.28958967300542
4.1451448181739
4
3.8548551818261
3.71041032699458
3.56735250382442
3.42634349213714
3.28800835967666
3.15292541368738
3.02161784613703
2.89454728879398
2.77210938572775
2.65463138475247
2.54237165368009
2.4355209479228
2.33420519665487
2.23848953680073
2.14838330688392
2.06384571397209
1.98479190323446
1.91109918710145
1.8426132257453
1.77915398895842
1.72052136842345
1.66650034645852
1.61686566089813
1.57138593480393
1.52982726371982
1.49195627215907
1.45754266522325
1.42636131119884
1.39819389726035
1.37283020367596
1.35006904279149
1.32971890814087
1.31159837680627
1.29553630505713
1.28137185368486
1.26895437559288
1.25814319430719
1.24880729829047
1.24082497237533
1.23408338434333
1.2284781417017
1.22391283106033
1.22029855018647
1.21755344079706
1.21560222841999
1.2143757741887
1.21381064220342
1.21384868506948
1.21443664938263
1.2155258022474
1.21707157936609
1.21903325480124
1.22137363217566
1.22405875681612
1.22705764815376
1.23034205155689
1.23388620867754
1.23766664533463
1.24166197592651
1.24585272335731
1.25022115347057
1.25475112300561
1.2594279401238
1.26423823659006
1.26916985073839
1.274211720396
1.27935378498831
1.28458689609485
1.2899027357738
1.29529374201929
1.30075304076059
1.30627438385551
1.31185209257129
1.31748100608545
1.32315643457528
1.32887411649953
1.33463017970751
1.34042110604112
1.34624369912278
1.35209505504822
1.35797253572681
1.36387374463411
1.36979650476137
1.37573883856578
1.38169894974186
1.38767520665044
1.3936661272559
1.39967036543573
1.40568669853816
1.41171401607503
1.41775130944708
1.42379766260767
1.42985224358002
1.43591429675001
1.44198313586419
1.44805813766854
1.45413873612972
1.46022441718548
1.46631471397608
1.47240920251264
1.47850749774258
1.48460924997573
1.4907141416382
1.49682188432399
1.502932216117
1.50904489915881
1.51515971743958
1.5212764747917
1.52739499306762
1.53351511048484
1.53963668012296
1.54575956855858
1.55188365462563
1.55800882828948
1.56413498962447
1.57026204788528
1.57638992066361
1.58251853312238
1.58864781730011
1.59477771147935
1.60090815961301
1.60703911080346
1.61317051882941
1.61930234171631
1.62543454134617
1.63156708310326
1.63769993555233
1.64383307014638
1.64996646096135
1.65610008445508
1.66223391924847
1.6683679459268
1.67450214685917
1.68063650603463
1.68677100891337
1.69290564229152
1.69904039417839
1.70517525368505
1.71131021092305
1.71744525691254
1.72358038349873
1.72971558327614
1.73585084951972
1.74198617612233
1.74812155753798
1.75425698873027
1.76039246512554
1.76652798257038
1.77266353729303
1.77879912586825
1.78493474518557
1.79107039242028
1.79720606500724
1.80334176061699
1.80947747713411
1.81561321263756
1.82174896538281
1.82788473378561
1.8340205164073
1.84015631194139
1.84629211920145
1.85242793711004
1.85856376468874
1.86469960104903
1.87083544538402
1.87697129696097
1.88310715511446
1.88924301924021
1.89537888878947
1.9015147632639
1.90765064221097
1.91378652521971
1.91992241191692
1.92605830196369
1.93219419505225
1.93833009090311
1.94446598926245
1.9506018898998
1.95673779260583
1.96287369719048
1.96900960348112
1.975145511321
1.98128142056777
1.98741733109217
1.9935532427768
1.99968915551504
2.0058250692101
2.01196098377406
2.01809689912708
2.02423281519665
2.03036873191694
2.03650464922816
2.04264056707601
2.04877648541119
2.05491240418891
2.06104832336851
2.06718424291307
2.07332016278905
2.079456082966
2.08559200341627
2.09172792411474
2.09786384503861
2.10399976616717
2.1101356874816
2.11627160896484
2.12240753060137
2.1285434523771
2.13467937427924
2.14081529629619
2.14695121841739
2.15308714063325
2.1592230629351
2.16535898531501
2.17149490776583
2.17763083028103
2.1837667528547
2.18990267548146
2.19603859815645
2.20217452087522
2.20831044363376
2.21444636642841
2.22058228925585
2.22671821211307
2.23285413499734
2.23899005790616
2.24512598083728
2.25126190378866
2.25739782675843
2.2635337497449
2.26966967274654
2.27580559576196
2.28194151878988
2.28807744182916
2.29421336487875
2.30034928793771
2.30648521100518
2.31262113408037
2.31875705716258
2.32489298025116
2.33102890334553
2.33716482644515
2.34330074954954
2.34943667265826
2.35557259577091
2.36170851888714
2.36784444200662
2.37398036512904
2.38011628825414
2.38625221138166
2.3923881345114
2.39852405764313
2.40465998077669
2.4107959039119
2.41693182704861
2.42306775018668
2.42920367332599
2.43533959646643
2.44147551960788
2.44761144275027
2.45374736589349
2.45988328903748
2.46601921218216
2.47215513532747
2.47829105847336
2.48442698161976
2.49056290476664
2.49669882791395
2.50283475106164
2.50897067420969
2.51510659735806
2.52124252050672
2.52737844365565
2.53351436680481
2.5396502899542
2.54578621310378
2.55192213625354
2.55805805940347
2.56419398255354
2.57032990570375
2.57646582885409
2.58260175200453
2.58873767515508
2.59487359830571
2.60100952145643
2.60714544460722
2.61328136775809
2.61941729090902
2.62555321406
2.63168913721103
2.63782506036211
2.64396098351324
2.6500969066644
2.6562328298156
2.66236875296682
2.66850467611808
2.67464059926936
2.68077652242067
2.686912445572
2.69304836872335
2.69918429187472
2.7053202150261
2.7114561381775
2.71759206132891
2.72372798448033
2.72986390763176
2.73599983078321
2.74213575393466
2.74827167708612
2.75440760023759
2.76054352338907
2.76667944654055
2.77281536969203
2.77895129284353
2.78508721599502
2.79122313914652
2.79735906229803
2.80349498544954
2.80963090860105
2.81576683175256
2.82190275490408
2.8280386780556
2.83417460120712
2.84031052435864
2.84644644751017
2.8525823706617
2.85871829381323
2.86485421696475
2.87099014011629
2.87712606326782
2.88326198641935
2.88939790957088
2.89553383272242
2.90166975587395
2.90780567902549
2.91394160217703
2.92007752532856
2.9262134484801
2.93234937163164
2.93848529478318
2.94462121793471
2.95075714108625
2.95689306423779
2.96302898738934
2.96916491054087
2.97530083369241
2.98143675684395
2.9875726799955
2.99370860314704
2.99984452629858
3.00598044945012
3.01211637260166
3.0182522957532
3.02438821890474
3.03052414205629
3.03666006520783
3.04279598835937
3.04893191151091
3.05506783466245
3.06120375781399
3.06733968096554
3.07347560411708
3.07961152726862
3.08574745042016
3.0918833735717
3.09801929672325
3.10415521987479
3.11029114302633
3.11642706617787
3.12256298932942
3.12869891248096
3.1348348356325
3.14097075878404
3.14710668193558
3.15324260508713
3.15937852823867
3.16551445139021
3.17165037454175
3.1777862976933
3.18392222084484
3.19005814399638
3.19619406714793
3.20232999029947
3.20846591345101
3.21460183660255
3.22073775975409
3.22687368290564
3.23300960605718
3.23914552920872
3.24528145236026
3.25141737551181
3.25755329866335
3.26368922181489
3.26982514496643
3.27596106811798
3.28209699126952
3.28823291442106
3.29436883757261
3.30050476072415
3.30664068387569
3.31277660702723
3.31891253017877
3.32504845333032
3.33118437648186
3.3373202996334
3.34345622278495
3.34959214593649
3.35572806908803
3.36186399223957
3.36799991539112
3.37413583854266
3.3802717616942
3.38640768484574
3.39254360799729
3.39867953114883
3.40481545430037
3.41095137745191
3.41708730060346
3.423223223755
3.42935914690654
3.43549507005809
3.44163099320963
3.44776691636117
3.45390283951271
3.46003876266425
3.4661746858158
3.47231060896734
3.47844653211888
3.48458245527042
3.49071837842197
3.49685430157351
3.50299022472505
3.50912614787659
3.51526207102814
3.52139799417968
3.52753391733122
3.53366984048277
3.53980576363431
3.54594168678585
3.55207760993739
3.55821353308894
3.56434945624048
3.57048537939202
3.57662130254356
3.5827572256951
3.58889314884665
3.59502907199819
3.60116499514973
3.60730091830128
3.61343684145282
3.61957276460436
3.6257086877559
3.63184461090745
3.63798053405899
3.64411645721053
3.65025238036207
3.65638830351362
3.66252422666516
3.6686601498167
3.67479607296825
3.68093199611979
3.68706791927133
3.69320384242287
3.69933976557441
3.70547568872596
3.7116116118775
3.71774753502904
3.72388345818058
3.73001938133213
3.73615530448367
3.74229122763521
3.74842715078676
3.7545630739383
3.76069899708984
3.76683492024138
3.77297084339293
3.77910676654447
3.78524268969601
3.79137861284755
3.7975145359991
3.80365045915064
3.80978638230218
3.81592230545372
3.82205822860526
3.82819415175681
3.83433007490835
3.84046599805989
3.84660192121144
3.85273784436298
3.85887376751452
3.86500969066606
3.87114561381761
3.87728153696915
3.88341746012069
3.88955338327223
3.89568930642378
3.90182522957532
3.90796115272686
3.9140970758784
3.92023299902995
3.92636892218149
3.93250484533303
3.93864076848458
3.94477669163612
3.95091261478766
3.9570485379392
3.96318446109074
3.96932038424229
3.97545630739383
3.98159223054537
3.98772815369691
3.99386407684846
