4
4.04908738521234
4.09817477042468
4.14726215563702
4.19634954084936
4.2454369260617
4.29452431127404
4.34361169648638
4.39269908169872
4.44178646691106
4.49087385212341
4.53996123733575
4.58904862254809
4.63813600776043
4.68722339297277
4.73631077818511
4.78539816339745
4.83448554860979
4.88357293382213
4.93266031903446
4.9817477042468
5.03083508945913
5.07992247467144
5.12900985988371
5.17809724509592
5.22718463030797
5.27627201551967
5.32535940073064
5.37444678594
5.42353417114591
5.47262155634435
5.52170894152664
5.57079632667401
5.61988371174586
5.66897109665447
5.71805848121012
5.76714586500266
5.8162332471453
5.86532062572076
5.91440799658373
5.96349535077184
6.01258266890783
6.06166990909689
6.11075698075979
6.15984368805861
6.20892960757972
6.25801382387767
6.30709435770848
6.35616692985362
6.40522228852065
6.45424043144142
6.50317811567601
6.55194186233146
6.60032963456427
6.64790494495178
6.69372561614449
6.73576176340994
6.76965794844311
6.78615131493052
6.76591661565667
6.67028109185913
6.42861406519607
5.93615428602791
5.10545271120602
4
2.89454728879398
2.06384571397209
1.57138593480393
1.32971890814087
1.23408338434333
1.21384868506948
1.23034205155689
1.26423823659006
1.30627438385551
1.35209505504822
1.39967036543573
1.44805813766854
1.49682188432399
1.54575956855858
1.59477771147935
1.64383307014638
1.69290564229152
1.74198617612233
1.79107039242028
1.84015631194139
1.88924301924021
1.93833009090311
1.98741733109217
2.03650464922816
2.08559200341627
2.13467937427924
2.1837667528547
2.23285413499734
2.28194151878988
2.33102890334553
2.38011628825414
2.42920367332599
2.47829105847336
2.52737844365565
2.57646582885409
2.62555321406
2.67464059926936
2.72372798448033
2.77281536969203
2.82190275490408
2.87099014011629
2.92007752532856
2.96916491054087
3.0182522957532
3.06733968096554
3.11642706617787
3.16551445139021
3.21460183660255
3.26368922181489
3.31277660702723
3.36186399223957
3.41095137745191
3.46003876266425
3.50912614787659
3.55821353308894
3.60730091830128
3.65638830351362
3.70547568872596
3.7545630739383
3.80365045915064
3.85273784436298
3.90182522957532
3.95091261478766
