4
4.02454369260617
4.04908738521234
4.07363107781851
4.09817477042468
4.12271846303085
4.14726215563702
4.17180584824319
4.19634954084936
4.22089323345553
4.2454369260617
4.26998061866787
4.29452431127404
4.31906800388021
4.34361169648638
4.36815538909255
4.39269908169872
4.41724277430489
4.44178646691106
4.46633015951724
4.49087385212341
4.51541754472958
4.53996123733575
4.56450492994192
4.58904862254809
4.61359231515426
4.63813600776043
4.6626797003666
4.68722339297277
4.71176708557894
4.73631077818511
4.76085447079128
4.78539816339745
4.80994185600362
4.83448554860979
4.85902924121596
4.88357293382213
4.9081166264283
4.93266031903446
4.95720401164063
4.9817477042468
5.00629139685296
5.03083508945913
5.05537878206528
5.07992247467144
5.10446616727758
5.12900985988371
5.15355355248983
5.17809724509592
5.20264093770197
5.22718463030797
5.25172832291388
5.27627201551967
5.30081570812528
5.32535940073064
5.3499030933356
5.37444678594
5.39899047854357
5.42353417114591
5.44807786374646
5.47262155634435
5.49716524893836
5.52170894152664
5.54625263410651
5.57079632667401
5.59534001922331
5.61988371174586
5.64442740422909
5.66897109665447
5.69351478899482
5.71805848121012
5.74260217324157
5.76714586500266
5.79168955636624
5.8162332471453
5.8407769370649
5.86532062572076
5.8898643125184
5.91440799658373
5.93895167663149
5.96349535077184
5.98803901622594
6.01258266890783
6.03712630280952
6.06166990909689
6.08621347478029
6.11075698075979
6.13530039895097
6.15984368805861
6.18438678736244
6.20892960757972
6.23347201742962
6.25801382387767
6.28255474308746
6.30709435770848
6.3316320540732
6.35616692985362
6.38069765828369
6.40522228852065
6.42973795211472
6.45424043144142
6.4787235252083
6.50317811567601
6.52759079748736
6.55194186233146
6.57620233739233
6.60032963456427
6.62426116143422
6.64790494495178
6.67112588350047
6.69372561614449
6.71541310390515
6.73576176340994
6.75414727664269
6.76965794844311
6.78096674519876
6.78615131493052
6.78244655920294
6.76591661565667
6.73104562440712
6.67028109185913
6.57363868880116
6.42861406519607
6.22084601104158
5.93615428602791
5.5644790520772
5.10545271120602
4.57365650786286
4
3.42634349213714
2.89454728879398
2.4355209479228
2.06384571397209
1.77915398895842
1.57138593480393
1.42636131119884
1.32971890814087
1.26895437559288
1.23408338434333
1.21755344079706
1.21384868506948
1.21903325480124
1.23034205155689
1.24585272335731
1.26423823659006
1.28458689609485
1.30627438385551
1.32887411649953
1.35209505504822
1.37573883856578
1.39967036543573
1.42379766260767
1.44805813766854
1.47240920251264
1.49682188432399
1.5212764747917
1.54575956855858
1.57026204788528
1.59477771147935
1.61930234171631
1.64383307014638
1.6683679459268
1.69290564229152
1.71744525691254
1.74198617612233
1.76652798257038
1.79107039242028
1.81561321263756
1.84015631194139
1.86469960104903
1.88924301924021
1.91378652521971
1.93833009090311
1.96287369719048
1.98741733109217
2.01196098377406
2.03650464922816
2.06104832336851
2.08559200341627
2.1101356874816
2.13467937427924
2.1592230629351
2.1837667528547
2.20831044363376
2.23285413499734
2.25739782675843
2.28194151878988
2.30648521100518
2.33102890334553
2.35557259577091
2.38011628825414
2.40465998077669
2.42920367332599
2.45374736589349
2.47829105847336
2.50283475106164
2.52737844365565
2.55192213625354
2.57646582885409
2.60100952145643
2.62555321406
2.6500969066644
2.67464059926936
2.69918429187472
2.72372798448033
2.74827167708612
2.77281536969203
2.79735906229803
2.82190275490408
2.84644644751017
2.87099014011629
2.89553383272242
2.92007752532856
2.94462121793471
2.96916491054087
2.99370860314704
3.0182522957532
3.04279598835937
3.06733968096554
3.0918833735717
3.11642706617787
3.14097075878404
3.16551445139021
3.19005814399638
3.21460183660255
3.23914552920872
3.26368922181489
3.28823291442106
3.31277660702723
3.3373202996334
3.36186399223957
3.38640768484574
3.41095137745191
3.43549507005809
3.46003876266425
3.48458245527042
3.50912614787659
3.53366984048277
3.55821353308894
3.5827572256951
3.60730091830128
3.63184461090745
3.65638830351362
3.68093199611979
3.70547568872596
3.73001938133213
3.7545630739383
3.77910676654447
3.80365045915064
3.82819415175681
3.85273784436298
3.87728153696915
3.90182522957532
3.92636892218149
3.95091261478766
3.97545630739383
