4
4.19634954084936
4.39269908169872
4.58904862254809
4.78539816339745
4.9817477042468
5.17809724509592
5.37444678594
5.57079632667401
5.76714586500266
5.96349535077184
6.15984368805861
6.35616692985362
6.55194186233146
6.73576176340994
6.67028109185913
4
1.32971890814087
1.26423823659006
1.44805813766854
1.64383307014638
1.84015631194139
2.03650464922816
2.23285413499734
2.42920367332599
2.62555321406
2.82190275490408
3.0182522957532
3.21460183660255
3.41095137745191
3.60730091830128
3.80365045915064
