4
4.01227184630308
4.02454369260617
4.03681553890926
4.04908738521234
4.06135923151542
4.07363107781851
4.0859029241216
4.09817477042468
4.11044661672777
4.12271846303085
4.13499030933394
4.14726215563702
4.15953400194011
4.17180584824319
4.18407769454628
4.19634954084936
4.20862138715245
4.22089323345553
4.23316507975862
4.2454369260617
4.25770877236479
4.26998061866787
4.28225246497096
4.29452431127404
4.30679615757713
4.31906800388021
4.3313398501833
4.34361169648638
4.35588354278947
4.36815538909255
4.38042723539564
4.39269908169872
4.40497092800181
4.41724277430489
4.42951462060798
4.44178646691106
4.45405831321415
4.46633015951724
4.47860200582032
4.49087385212341
4.50314569842649
4.51541754472958
4.52768939103266
4.53996123733575
4.55223308363883
4.56450492994192
4.576776776245
4.58904862254809
4.60132046885117
4.61359231515426
4.62586416145734
4.63813600776043
4.65040785406351
4.6626797003666
4.67495154666968
4.68722339297277
4.69949523927585
4.71176708557894
4.72403893188202
4.73631077818511
4.74858262448819
4.76085447079128
4.77312631709436
4.78539816339745
4.79767000970053
4.80994185600362
4.8222137023067
4.83448554860979
4.84675739491287
4.85902924121596
4.87130108751904
4.88357293382213
4.89584478012521
4.9081166264283
4.92038847273138
4.93266031903446
4.94493216533755
4.95720401164063
4.96947585794372
4.9817477042468
4.99401955054988
5.00629139685296
5.01856324315605
5.03083508945913
5.04310693576221
5.05537878206528
5.06765062836836
5.07992247467144
5.09219432097451
5.10446616727758
5.11673801358065
5.12900985988371
5.14128170618678
5.15355355248983
5.16582539879288
5.17809724509592
5.19036909139895
5.20264093770197
5.21491278400498
5.22718463030797
5.23945647661093
5.25172832291388
5.26400016921679
5.27627201551967
5.2885438618225
5.30081570812528
5.313087554428
5.32535940073064
5.33763124703318
5.3499030933356
5.36217493963789
5.37444678594
5.38671863224191
5.39899047854357
5.41126232484493
5.42353417114591
5.43580601744646
5.44807786374646
5.4603497100458
5.47262155634435
5.48489340264194
5.49716524893836
5.50943709523336
5.52170894152664
5.53398078781784
5.54625263410651
5.55852448039212
5.57079632667401
5.58306817295139
5.59534001922331
5.6076118654886
5.61988371174586
5.63215555799338
5.64442740422909
5.65669925045046
5.66897109665447
5.68124294283742
5.69351478899482
5.70578663512125
5.71805848121012
5.73033032725346
5.74260217324157
5.75487401916272
5.76714586500266
5.77941771074415
5.79168955636624
5.80396140184355
5.8162332471453
5.82850509223417
5.8407769370649
5.85304878158261
5.86532062572076
5.87759246939863
5.8898643125184
5.90213615496139
5.91440799658373
5.92667983721095
5.93895167663149
5.95122351458881
5.96349535077184
5.97576718480335
5.98803901622594
6.00031084448496
6.01258266890783
6.024854488679
6.03712630280952
6.0493981101002
6.06166990909689
6.07394169803631
6.08621347478029
6.0984852367361
6.11075698075979
6.12302870303903
6.13530039895097
6.14757206288996
6.15984368805861
6.17211526621439
6.18438678736244
6.19665823938301
6.20892960757972
6.22120087413175
6.23347201742962
6.24574301126973
6.25801382387767
6.27028441672386
6.28255474308746
6.29482474631495
6.30709435770848
6.31936349396537
6.3316320540732
6.34389991554492
6.35616692985362
6.36843291689674
6.38069765828369
6.39296088919654
6.40522228852065
6.41748146687762
6.42973795211472
6.44199117171052
6.45424043144142
6.46648488951516
6.4787235252083
6.49095510084119
6.50317811567601
6.51539075002427
6.52759079748736
6.53977558281452
6.55194186233146
6.56408570324999
6.57620233739233
6.58828598392497
6.60032963456427
6.61232479334956
6.62426116143422
6.63612625536589
6.64790494495178
6.65957889395888
6.67112588350047
6.68251899391455
6.69372561614449
6.70470625798071
6.71541310390515
6.725788279604
6.73576176340994
6.74524887699439
6.75414727664269
6.76233335466537
6.76965794844311
6.77594124318388
6.78096674519876
6.7844741977526
6.78615131493052
6.7856242258113
6.78244655920294
6.77608716893967
6.76591661565667
6.75119270170953
6.73104562440712
6.70446369494287
6.67028109185913
6.62716979632404
6.57363868880116
6.50804372784093
6.42861406519607
6.33349965354148
6.22084601104158
6.08890081289855
5.93615428602791
5.76151046319927
5.5644790520772
5.34536861524753
5.10545271120602
4.84707458631262
4.57365650786286
4.28958967300542
4
3.71041032699458
3.42634349213714
3.15292541368738
2.89454728879398
2.65463138475247
2.4355209479228
2.23848953680073
2.06384571397209
1.91109918710145
1.77915398895842
1.66650034645852
1.57138593480393
1.49195627215907
1.42636131119884
1.37283020367596
1.32971890814087
1.29553630505713
1.26895437559288
1.24880729829047
1.23408338434333
1.22391283106033
1.21755344079706
1.2143757741887
1.21384868506948
1.2155258022474
1.21903325480124
1.22405875681612
1.23034205155689
1.23766664533463
1.24585272335731
1.25475112300561
1.26423823659006
1.274211720396
1.28458689609485
1.29529374201929
1.30627438385551
1.31748100608545
1.32887411649953
1.34042110604112
1.35209505504822
1.36387374463411
1.37573883856578
1.38767520665044
1.39967036543573
1.41171401607503
1.42379766260767
1.43591429675001
1.44805813766854
1.46022441718548
1.47240920251264
1.48460924997573
1.49682188432399
1.50904489915881
1.5212764747917
1.53351511048484
1.54575956855858
1.55800882828948
1.57026204788528
1.58251853312238
1.59477771147935
1.60703911080346
1.61930234171631
1.63156708310326
1.64383307014638
1.65610008445508
1.6683679459268
1.68063650603463
1.69290564229152
1.70517525368505
1.71744525691254
1.72971558327614
1.74198617612233
1.75425698873027
1.76652798257038
1.77879912586825
1.79107039242028
1.80334176061699
1.81561321263756
1.82788473378561
1.84015631194139
1.85242793711004
1.86469960104903
1.87697129696097
1.88924301924021
1.9015147632639
1.91378652521971
1.92605830196369
1.93833009090311
1.9506018898998
1.96287369719048
1.975145511321
1.98741733109217
1.99968915551504
2.01196098377406
2.02423281519665
2.03650464922816
2.04877648541119
2.06104832336851
2.07332016278905
2.08559200341627
2.09786384503861
2.1101356874816
2.12240753060137
2.13467937427924
2.14695121841739
2.1592230629351
2.17149490776583
2.1837667528547
2.19603859815645
2.20831044363376
2.22058228925585
2.23285413499734
2.24512598083728
2.25739782675843
2.26966967274654
2.28194151878988
2.29421336487875
2.30648521100518
2.31875705716258
2.33102890334553
2.34330074954954
2.35557259577091
2.36784444200662
2.38011628825414
2.3923881345114
2.40465998077669
2.41693182704861
2.42920367332599
2.44147551960788
2.45374736589349
2.46601921218216
2.47829105847336
2.49056290476664
2.50283475106164
2.51510659735806
2.52737844365565
2.5396502899542
2.55192213625354
2.56419398255354
2.57646582885409
2.58873767515508
2.60100952145643
2.61328136775809
2.62555321406
2.63782506036211
2.6500969066644
2.66236875296682
2.67464059926936
2.686912445572
2.69918429187472
2.7114561381775
2.72372798448033
2.73599983078321
2.74827167708612
2.76054352338907
2.77281536969203
2.78508721599502
2.79735906229803
2.80963090860105
2.82190275490408
2.83417460120712
2.84644644751017
2.85871829381323
2.87099014011629
2.88326198641935
2.89553383272242
2.90780567902549
2.92007752532856
2.93234937163164
2.94462121793471
2.95689306423779
2.96916491054087
2.98143675684395
2.99370860314704
3.00598044945012
3.0182522957532
3.03052414205629
3.04279598835937
3.05506783466245
3.06733968096554
3.07961152726862
3.0918833735717
3.10415521987479
3.11642706617787
3.12869891248096
3.14097075878404
3.15324260508713
3.16551445139021
3.1777862976933
3.19005814399638
3.20232999029947
3.21460183660255
3.22687368290564
3.23914552920872
3.25141737551181
3.26368922181489
3.27596106811798
3.28823291442106
3.30050476072415
3.31277660702723
3.32504845333032
3.3373202996334
3.34959214593649
3.36186399223957
3.37413583854266
3.38640768484574
3.39867953114883
3.41095137745191
3.423223223755
3.43549507005809
3.44776691636117
3.46003876266425
3.47231060896734
3.48458245527042
3.49685430157351
3.50912614787659
3.52139799417968
3.53366984048277
3.54594168678585
3.55821353308894
3.57048537939202
3.5827572256951
3.59502907199819
3.60730091830128
3.61957276460436
3.63184461090745
3.64411645721053
3.65638830351362
3.6686601498167
3.68093199611979
3.69320384242287
3.70547568872596
3.71774753502904
3.73001938133213
3.74229122763521
3.7545630739383
3.76683492024138
3.77910676654447
3.79137861284755
3.80365045915064
3.81592230545372
3.82819415175681
3.84046599805989
3.85273784436298
3.86500969066606
3.87728153696915
3.88955338327223
3.90182522957532
3.9140970758784
3.92636892218149
3.93864076848458
3.95091261478766
3.96318446109074
3.97545630739383
3.98772815369691
