4
4.09817477042468
4.19634954084936
4.29452431127404
4.39269908169872
4.49087385212341
4.58904862254809
4.68722339297277
4.78539816339745
4.88357293382213
4.9817477042468
5.07992247467144
5.17809724509592
5.27627201551967
5.37444678594
5.47262155634435
5.57079632667401
5.66897109665447
5.76714586500266
5.86532062572076
5.96349535077184
6.06166990909689
6.15984368805861
6.25801382387767
6.35616692985362
6.45424043144142
6.55194186233146
6.64790494495178
6.73576176340994
6.78615131493052
6.67028109185913
5.93615428602791
4
2.06384571397209
1.32971890814087
1.21384868506948
1.26423823659006
1.35209505504822
1.44805813766854
1.54575956855858
1.64383307014638
1.74198617612233
1.84015631194139
1.93833009090311
2.03650464922816
2.13467937427924
2.23285413499734
2.33102890334553
2.42920367332599
2.52737844365565
2.62555321406
2.72372798448033
2.82190275490408
2.92007752532856
3.0182522957532
3.11642706617787
3.21460183660255
3.31277660702723
3.41095137745191
3.50912614787659
3.60730091830128
3.70547568872596
3.80365045915064
3.90182522957532
