2.87212089072066
2.8765266627485
2.88093243518415
2.88533820800035
2.88974398117166
2.89414975467433
2.8985555284862
2.90296130258659
2.90736707695623
2.91177285157709
2.91617862643239
2.92058440150645
2.92499017678464
2.92939595225331
2.93380172789973
2.93820750371201
2.94261327967906
2.94701905579053
2.95142483203676
2.95583060840875
2.96023638489808
2.96464216149691
2.96904793819792
2.97345371499427
2.97785949187959
2.98226526884793
2.98667104589375
2.99107682301185
2.9954826001974
2.9998883774459
3.00429415475314
3.00869993211519
3.01310570952838
3.0175114869893
3.02191726449475
3.02632304204175
3.03072881962753
3.0351345972495
3.03954037490523
3.04394615259246
3.0483519303091
3.05275770805317
3.05716348582284
3.0615692636164
3.06597504143225
3.0703808192689
3.07478659712496
3.07919237499914
3.08359815289021
3.08800393079705
3.09240970871861
3.0968154866539
3.10122126460201
3.10562704256207
3.11003282053329
3.11443859851492
3.11884437650627
3.12325015450668
3.12765593251556
3.13206171053232
3.13646748855646
3.14087326658746
3.14527904462488
3.14968482266829
3.15409060071728
3.15849637877148
3.16290215683054
3.16730793489414
3.17171371296198
3.17611949103377
3.18052526910924
3.18493104718816
3.18933682527028
3.19374260335541
3.19814838144332
3.20255415953385
3.20695993762681
3.21136571572204
3.21577149381939
3.22017727191872
3.22458305001989
3.22898882812279
3.23339460622729
3.23780038433329
3.2422061624407
3.2466119405494
3.25101771865933
3.25542349677039
3.25982927488252
3.26423505299563
3.26864083110967
3.27304660922457
3.27745238734027
3.28185816545673
3.28626394357388
3.29066972169169
3.29507549981011
3.29948127792909
3.30388705604861
3.30829283416863
3.3126986122891
3.31710439041001
3.32151016853132
3.32591594665301
3.33032172477504
3.33472750289741
3.33913328102008
3.34353905914303
3.34794483726625
3.35235061538972
3.35675639351342
3.36116217163733
3.36556794976145
3.36997372788575
3.37437950601023
3.37878528413488
3.38319106225968
3.38759684038462
3.39200261850969
3.39640839663488
3.4008141747602
3.40521995288562
3.40962573101114
3.41403150913675
3.41843728726246
3.42284306538824
3.4272488435141
3.43165462164004
3.43606039976604
3.4404661778921
3.44487195601822
3.44927773414439
3.45368351227062
3.45808929039689
3.4624950685232
3.46690084664956
3.47130662477596
3.47571240290239
3.48011818102885
3.48452395915535
3.48892973728187
3.49333551540842
3.497741293535
3.5021470716616
3.50655284978822
3.51095862791486
3.51536440604152
3.5197701841682
3.5241759622949
3.52858174042161
3.53298751854834
3.53739329667508
3.54179907480183
3.5462048529286
3.55061063105537
3.55501640918216
3.55942218730895
3.56382796543576
3.56823374356257
3.57263952168939
3.57704529981622
3.58145107794305
3.58585685606989
3.59026263419674
3.59466841232359
3.59907419045045
3.60347996857731
3.60788574670418
3.61229152483105
3.61669730295792
3.6211030810848
3.62550885921168
3.62991463733857
3.63432041546546
3.63872619359235
3.64313197171924
3.64753774984614
3.65194352797303
3.65634930609993
3.66075508422683
3.66516086235374
3.66956664048064
3.67397241860755
3.67837819673446
3.68278397486137
3.68718975298828
3.69159553111519
3.69600130924211
3.70040708736902
3.70481286549594
3.70921864362285
3.71362442174977
3.71803019987669
3.72243597800361
3.72684175613053
3.73124753425745
3.73565331238437
3.74005909051129
3.74446486863821
3.74887064676513
3.75327642489206
3.75768220301898
3.7620879811459
3.76649375927283
3.77089953739975
3.77530531552668
3.7797110936536
3.78411687178053
3.78852264990745
3.79292842803438
3.7973342061613
3.80173998428823
3.80614576241516
3.81055154054208
3.81495731866901
3.81936309679594
3.82376887492286
3.82817465304979
3.83258043117672
3.83698620930365
3.84139198743057
3.8457977655575
3.85020354368443
3.85460932181136
3.85901509993828
3.86342087806521
3.86782665619214
3.87223243431907
3.876638212446
3.88104399057292
3.88544976869985
3.88985554682678
3.89426132495371
3.89866710308064
3.90307288120757
3.90747865933449
3.91188443746142
3.91629021558835
3.92069599371528
3.92510177184221
3.92950754996914
3.93391332809607
3.938319106223
3.94272488434992
3.94713066247685
3.95153644060378
3.95594221873071
3.96034799685764
3.96475377498457
3.9691595531115
3.97356533123843
3.97797110936536
3.98237688749228
3.98678266561921
3.99118844374614
3.99559422187307
4
4.00440577812693
4.00881155625386
4.01321733438079
4.01762311250772
4.02202889063464
4.02643466876157
4.0308404468885
4.03524622501543
4.03965200314236
4.04405778126929
4.04846355939622
4.05286933752315
4.05727511565008
4.061680893777
4.06608667190393
4.07049245003086
4.07489822815779
4.07930400628472
4.08370978441165
4.08811556253858
4.09252134066551
4.09692711879243
4.10133289691936
4.10573867504629
4.11014445317322
4.11455023130015
4.11895600942708
4.123361787554
4.12776756568093
4.13217334380786
4.13657912193479
4.14098490006172
4.14539067818864
4.14979645631557
4.1542022344425
4.15860801256943
4.16301379069635
4.16741956882328
4.17182534695021
4.17623112507714
4.18063690320406
4.18504268133099
4.18944845945792
4.19385423758484
4.19826001571177
4.2026657938387
4.20707157196562
4.21147735009255
4.21588312821947
4.2202889063464
4.22469468447332
4.22910046260025
4.23350624072717
4.2379120188541
4.24231779698102
4.24672357510794
4.25112935323487
4.25553513136179
4.25994090948871
4.26434668761563
4.26875246574255
4.27315824386947
4.27756402199639
4.28196980012331
4.28637557825023
4.29078135637715
4.29518713450406
4.29959291263098
4.30399869075789
4.30840446888481
4.31281024701172
4.31721602513863
4.32162180326554
4.32602758139245
4.33043335951936
4.33483913764626
4.33924491577316
4.34365069390007
4.34805647202697
4.35246225015386
4.35686802828076
4.36127380640765
4.36567958453454
4.37008536266143
4.37449114078832
4.3788969189152
4.38330269704208
4.38770847516895
4.39211425329582
4.39652003142269
4.40092580954955
4.40533158767641
4.40973736580326
4.41414314393011
4.41854892205695
4.42295470018378
4.42736047831061
4.43176625643743
4.43617203456424
4.44057781269105
4.44498359081784
4.44938936894463
4.4537951470714
4.45820092519817
4.46260670332492
4.46701248145166
4.47141825957839
4.4758240377051
4.4802298158318
4.48463559395848
4.48904137208514
4.49344715021178
4.4978529283384
4.502258706465
4.50666448459158
4.51107026271813
4.51547604084465
4.51988181897115
4.52428759709761
4.52869337522404
4.53309915335044
4.53750493147679
4.54191070960311
4.54631648772938
4.55072226585561
4.55512804398178
4.5595338221079
4.56393960023396
4.56834537835996
4.5727511564859
4.57715693461176
4.58156271273754
4.58596849086325
4.59037426898886
4.59478004711438
4.5991858252398
4.60359160336512
4.60799738149031
4.61240315961538
4.61680893774032
4.62121471586512
4.62562049398977
4.63002627211425
4.63443205023855
4.63883782836267
4.64324360648658
4.64764938461028
4.65205516273375
4.65646094085697
4.66086671897992
4.66527249710259
4.66967827522496
4.67408405334699
4.67848983146868
4.68289560958999
4.6873013877109
4.69170716583137
4.69611294395139
4.70051872207091
4.70492450018989
4.70933027830831
4.71373605642612
4.71814183454327
4.72254761265973
4.72695339077543
4.73135916889033
4.73576494700437
4.74017072511748
4.74457650322961
4.74898228134067
4.7533880594506
4.7577938375593
4.76219961566671
4.76660539377271
4.77101117187721
4.77541694998011
4.77982272808128
4.78422850618061
4.78863428427796
4.79304006237319
4.79744584046615
4.80185161855668
4.80625739664459
4.81066317472972
4.81506895281184
4.81947473089076
4.82388050896623
4.82828628703802
4.83269206510585
4.83709784316946
4.84150362122852
4.84590939928272
4.85031517733171
4.85472095537512
4.85912673341254
4.86353251144354
4.86793828946768
4.87234406748444
4.87674984549332
4.88115562349373
4.88556140148508
4.88996717946671
4.89437295743793
4.89877873539799
4.9031845133461
4.90759029128139
4.91199606920295
4.91640184710979
4.92080762500086
4.92521340287504
4.92961918073109
4.93402495856775
4.9384307363836
4.94283651417716
4.94724229194683
4.9516480696909
4.95605384740754
4.96045962509477
4.9648654027505
4.96927118037247
4.97367695795825
4.97808273550525
4.9824885130107
4.98689429047162
4.99130006788481
4.99570584524686
5.0001116225541
5.0045173998026
5.00892317698815
5.01332895410625
5.01773473115207
5.02214050812041
5.02654628500573
5.03095206180208
5.03535783850309
5.03976361510192
5.04416939159125
5.04857516796324
5.05298094420947
5.05738672032094
5.06179249628799
5.06619827210027
5.07060404774669
5.07500982321536
5.07941559849355
5.08382137356761
5.08822714842291
5.09263292304377
5.09703869741341
5.1014444715138
5.10585024532567
5.11025601882834
5.11466179199965
5.11906756481585
5.1234733372515
5.12787910927934
5.13228488087013
5.13669065199257
5.14109642261308
5.14550219269572
5.14990796220192
5.15431373109039
5.15871949931686
5.1631252668339
5.16753103359067
5.17193679953269
5.17634256460158
5.18074832873478
5.18515409186522
5.18955985392107
5.19396561482532
5.19837137449545
5.20277713284302
5.20718288977327
5.21158864518464
5.21599439896828
5.22040015100756
5.22480590117749
5.22921164934411
5.23361739536387
5.23802313908294
5.24242888033645
5.24683461894774
5.25124035472746
5.25564608747272
5.26005181696608
5.26445754297453
5.26886326524833
5.27326898351988
5.27767469750239
5.28208040688852
5.28648611134891
5.29089181053061
5.29529750405534
5.29970319151777
5.30410887248348
5.30851454648693
5.31292021302925
5.31732587157578
5.32173152155357
5.32613716234863
5.33054279330294
5.33494841371136
5.33935402281819
5.3437596198136
5.34816520382975
5.35257077393656
5.35697632913735
5.36138186836401
5.36578739047189
5.3701928942343
5.37459837833669
5.37900384137029
5.38340928182537
5.38781469808405
5.39222008841249
5.39662545095264
5.40103078371327
5.40543608456051
5.40984135120756
5.41424658120377
5.41865177192286
5.42305692055039
5.42746202407024
5.43186707925019
5.43627208262636
5.44067703048673
5.44508191885324
5.44948674346282
5.4538914997469
5.45829618280958
5.46270078740411
5.46710530790783
5.47150973829515
5.47591407210875
5.4803183024286
5.48472242183882
5.48912642239218
5.49353029557197
5.49793403225126
5.50233762264913
5.50674105628383
5.51114432192258
5.51554740752774
5.51995030019915
5.52435298611233
5.52875545045228
5.53315767734248
5.53755964976886
5.5419613494983
5.54636275699127
5.55076385130829
5.55516461000958
5.55956500904762
5.56396502265195
5.56836462320577
5.57276378111365
5.57716246465982
5.58156063985628
5.58595827028001
5.5903553168986
5.59475173788334
5.5991474884089
5.60354252043879
5.60793678249528
5.61233021941304
5.61672277207499
5.62111437712939
5.62550496668656
5.62989446799394
5.63428280308796
5.63866988842094
5.6430556344613
5.64743994526524
5.65182271801771
5.65620384254063
5.66058320076591
5.66496066617083
5.66933610317305
5.6737093664824
5.67808030040641
5.68244873810615
5.68681450079902
5.69117739690461
5.69553722112959
5.69989375348735
5.70424675824769
5.70859598281161
5.71294115650603
5.71728198929245
5.72161817038385
5.72594936676302
5.73027522159554
5.73459535252988
5.73890934987672
5.74321677465894
5.74751715652324
5.75180999150358
5.75609473962615
5.76037082234469
5.76463761979438
5.76889446785153
5.77314065498566
5.77737541888948
5.78159794287136
5.78580735199395
5.79000270894124
5.79418300959567
5.79834717830513
5.80249406281879
5.80662242886924
5.8107309543768
5.81481822325061
5.81888271875928
5.82292281644244
5.82693677653233
5.83092273585337
5.83487869916505
5.83880252991191
5.84269194034218
5.84654448095428
5.85035752922856
5.85412827759882
5.85785372061628
5.86153064125601
5.86515559631342
5.86872490083599
5.87223461153313
5.87568050910435
5.87905807942404
5.88236249351848
5.88558858626905
5.88873083377351
5.89178332929579
5.89473975773337
5.89759336853061
5.90033694696623
5.90296278374318
5.90546264281058
5.90782772734947
5.91004864385687
5.91211536426769
5.91401718605945
5.91574269029259
5.91727969754923
5.9186152217446
5.91973542180088
5.92062555119036
5.9212699053767
5.92165176720795
5.92175335034505
5.92155574084426
5.92103883705243
5.92018128802075
5.9189604306964
5.91735222621264
5.91533119566772
5.91287035586175
5.90994115554904
5.90651341286249
5.90255525467675
5.89803305879819
5.89291140000326
5.88715300109225
5.88071869028277
5.87356736643569
5.86565597378567
5.85693948803605
5.84737091587299
5.8369013101522
5.82547980321062
5.81305366094906
5.79956836051536
5.78496769458221
5.76919390535184
5.75218785152029
5.73388921148571
5.71423672607372
5.69316848396498
5.67062225282833
5.64653585887161
5.62084761710343
5.59349681403662
5.5644242438418
5.53357279806462
5.5008881079423
5.46631923709018
5.42981942087895
5.39134684719777
5.35086547151874
5.30834585727591
5.2637660305912
5.2171123363795
5.1683802809164
5.11757534413985
5.06471374337551
5.00982312892859
4.95294319117751
4.89412615854139
4.83343716606743
4.77095447547568
4.70676952935956
4.6409868248952
4.57372359584394
4.50510929578418
4.43528488027663
4.36440189090596
4.29262134966423
4.22011247773007
4.14705125811297
4.07361886662757
4
3.92638113337243
3.85294874188703
3.77988752226993
3.70737865033577
3.63559810909404
3.56471511972337
3.49489070421582
3.42627640415606
3.3590131751048
3.29323047064044
3.22904552452432
3.16656283393257
3.10587384145861
3.04705680882249
2.99017687107141
2.93528625662449
2.88242465586015
2.8316197190836
2.7828876636205
2.7362339694088
2.69165414272409
2.64913452848126
2.60865315280223
2.57018057912105
2.53368076290982
2.4991118920577
2.46642720193538
2.4355757561582
2.40650318596338
2.37915238289657
2.35346414112839
2.32937774717167
2.30683151603502
2.28576327392628
2.26611078851429
2.24781214847971
2.23080609464816
2.21503230541779
2.20043163948464
2.18694633905094
2.17452019678938
2.1630986898478
2.15262908412701
2.14306051196395
2.13434402621433
2.12643263356431
2.11928130971723
2.11284699890775
2.10708859999674
2.10196694120181
2.09744474532325
2.09348658713751
2.09005884445096
2.08712964413825
2.08466880433228
2.08264777378736
2.0810395693036
2.07981871197925
2.07896116294757
2.07844425915574
2.07824664965495
2.07834823279205
2.0787300946233
2.07937444880964
2.08026457819912
2.0813847782554
2.08272030245077
2.08425730970741
2.08598281394055
2.08788463573231
2.08995135614313
2.09217227265053
2.09453735718942
2.09703721625682
2.09966305303377
2.10240663146939
2.10526024226663
2.10821667070421
2.11126916622649
2.11441141373095
2.11763750648152
2.12094192057596
2.12431949089565
2.12776538846687
2.13127509916401
2.13484440368658
2.13846935874399
2.14214627938372
2.14587172240118
2.14964247077144
2.15345551904572
2.15730805965782
2.16119747008809
2.16512130083495
2.16907726414663
2.17306322346767
2.17707718355756
2.18111728124072
2.18518177674939
2.1892690456232
2.19337757113076
2.19750593718121
2.20165282169487
2.20581699040433
2.20999729105876
2.21419264800605
2.21840205712864
2.22262458111052
2.22685934501434
2.23110553214847
2.23536238020562
2.23962917765531
2.24390526037385
2.24819000849642
2.25248284347676
2.25678322534106
2.26109065012328
2.26540464747012
2.26972477840446
2.27405063323698
2.27838182961615
2.28271801070755
2.28705884349397
2.29140401718839
2.29575324175231
2.30010624651265
2.30446277887041
2.30882260309539
2.31318549920098
2.31755126189385
2.32191969959359
2.3262906335176
2.33066389682695
2.33503933382917
2.33941679923409
2.34379615745937
2.34817728198229
2.35256005473476
2.3569443655387
2.36133011157906
2.36571719691204
2.37010553200606
2.37449503331344
2.37888562287061
2.38327722792501
2.38766978058697
2.39206321750472
2.39645747956121
2.4008525115911
2.40524826211667
2.4096446831014
2.41404172971999
2.41843936014372
2.42283753534018
2.42723621888635
2.43163537679423
2.43603497734805
2.44043499095238
2.44483538999042
2.44923614869171
2.45363724300873
2.4580386505017
2.46244035023114
2.46684232265752
2.47124454954772
2.47564701388767
2.48004969980085
2.48445259247226
2.48885567807742
2.49325894371617
2.49766237735087
2.50206596774874
2.50646970442803
2.51087357760782
2.51527757816118
2.5196816975714
2.52408592789125
2.52849026170485
2.53289469209217
2.53729921259589
2.54170381719042
2.5461085002531
2.55051325653718
2.55491808114676
2.55932296951327
2.56372791737364
2.56813292074981
2.57253797592975
2.57694307944961
2.58134822807714
2.58575341879623
2.59015864879244
2.59456391543949
2.59896921628673
2.60337454904736
2.60777991158751
2.61218530191595
2.61659071817463
2.62099615862971
2.62540162166331
2.6298071057657
2.63421260952811
2.63861813163599
2.64302367086265
2.64742922606344
2.65183479617025
2.6562403801864
2.66064597718181
2.66505158628864
2.66945720669706
2.67386283765137
2.67826847844643
2.68267412842422
2.68707978697075
2.69148545351307
2.69589112751652
2.70029680848223
2.70470249594466
2.70910818946939
2.71351388865109
2.71791959311148
2.72232530249762
2.72673101648012
2.73113673475167
2.73554245702548
2.73994818303392
2.74435391252728
2.74875964527254
2.75316538105226
2.75757111966355
2.76197686091706
2.76638260463613
2.77078835065589
2.77519409882251
2.77959984899244
2.78400560103172
2.78841135481536
2.79281711022673
2.79722286715698
2.80162862550455
2.80603438517468
2.81044014607893
2.81484590813478
2.81925167126522
2.82365743539842
2.82806320046731
2.83246896640933
2.8368747331661
2.84128050068314
2.84568626890961
2.85009203779808
2.85449780730428
2.85890357738692
2.86330934800743
2.86771511912987
