2.87212089072066
2.90736707695623
2.94261327967906
2.97785949187959
3.01310570952838
3.0483519303091
3.08359815289021
3.11884437650627
3.15409060071728
3.18933682527028
3.22458305001989
3.25982927488252
3.29507549981011
3.33032172477504
3.36556794976145
3.4008141747602
3.43606039976604
3.47130662477596
3.50655284978822
3.54179907480183
3.57704529981622
3.61229152483105
3.64753774984614
3.68278397486137
3.71803019987669
3.75327642489206
3.78852264990745
3.82376887492286
3.85901509993828
3.89426132495371
3.92950754996914
3.96475377498457
4
4.03524622501543
4.07049245003086
4.10573867504629
4.14098490006172
4.17623112507714
4.21147735009255
4.24672357510794
4.28196980012331
4.31721602513863
4.35246225015386
4.38770847516895
4.42295470018378
4.45820092519817
4.49344715021178
4.52869337522404
4.56393960023396
4.5991858252398
4.63443205023855
4.66967827522496
4.70492450018989
4.74017072511748
4.77541694998011
4.81066317472972
4.84590939928272
4.88115562349373
4.91640184710979
4.9516480696909
4.98689429047162
5.02214050812041
5.05738672032094
5.09263292304377
5.12787910927934
5.1631252668339
5.19837137449545
5.23361739536387
5.26886326524833
5.30410887248348
5.33935402281819
5.37459837833669
5.40984135120756
5.44508191885324
5.4803183024286
5.51554740752774
5.55076385130829
5.58595827028001
5.62111437712939
5.65620384254063
5.69117739690461
5.72594936676302
5.76037082234469
5.79418300959567
5.82693677653233
5.85785372061628
5.88558858626905
5.90782772734947
5.92062555119036
5.91735222621264
5.88715300109225
5.81305366094906
5.67062225282833
5.42981942087895
5.06471374337551
4.57372359584394
4
3.42627640415606
2.93528625662449
2.57018057912105
2.32937774717167
2.18694633905094
2.11284699890775
2.08264777378736
2.07937444880964
2.09217227265053
2.11441141373095
2.14214627938372
2.17306322346767
2.20581699040433
2.23962917765531
2.27405063323698
2.30882260309539
2.34379615745937
2.37888562287061
2.41404172971999
2.44923614869171
2.48445259247226
2.5196816975714
2.55491808114676
2.59015864879244
2.62540162166331
2.66064597718181
2.69589112751652
2.73113673475167
2.76638260463613
2.80162862550455
2.8368747331661
