2.87212089072066
2.88974398117166
2.90736707695623
2.92499017678464
2.94261327967906
2.96023638489808
2.97785949187959
2.9954826001974
3.01310570952838
3.03072881962753
3.0483519303091
3.06597504143225
3.08359815289021
3.10122126460201
3.11884437650627
3.13646748855646
3.15409060071728
3.17171371296198
3.18933682527028
3.20695993762681
3.22458305001989
3.2422061624407
3.25982927488252
3.27745238734027
3.29507549981011
3.3126986122891
3.33032172477504
3.34794483726625
3.36556794976145
3.38319106225968
3.4008141747602
3.41843728726246
3.43606039976604
3.45368351227062
3.47130662477596
3.48892973728187
3.50655284978822
3.5241759622949
3.54179907480183
3.55942218730895
3.57704529981622
3.59466841232359
3.61229152483105
3.62991463733857
3.64753774984614
3.66516086235374
3.68278397486137
3.70040708736902
3.71803019987669
3.73565331238437
3.75327642489206
3.77089953739975
3.78852264990745
3.80614576241516
3.82376887492286
3.84139198743057
3.85901509993828
3.876638212446
3.89426132495371
3.91188443746142
3.92950754996914
3.94713066247685
3.96475377498457
3.98237688749228
4
4.01762311250772
4.03524622501543
4.05286933752315
4.07049245003086
4.08811556253858
4.10573867504629
4.123361787554
4.14098490006172
4.15860801256943
4.17623112507714
4.19385423758484
4.21147735009255
4.22910046260025
4.24672357510794
4.26434668761563
4.28196980012331
4.29959291263098
4.31721602513863
4.33483913764626
4.35246225015386
4.37008536266143
4.38770847516895
4.40533158767641
4.42295470018378
4.44057781269105
4.45820092519817
4.4758240377051
4.49344715021178
4.51107026271813
4.52869337522404
4.54631648772938
4.56393960023396
4.58156271273754
4.5991858252398
4.61680893774032
4.63443205023855
4.65205516273375
4.66967827522496
4.6873013877109
4.70492450018989
4.72254761265973
4.74017072511748
4.7577938375593
4.77541694998011
4.79304006237319
4.81066317472972
4.82828628703802
4.84590939928272
4.86353251144354
4.88115562349373
4.89877873539799
4.91640184710979
4.93402495856775
4.9516480696909
4.96927118037247
4.98689429047162
5.0045173998026
5.02214050812041
5.03976361510192
5.05738672032094
5.07500982321536
5.09263292304377
5.11025601882834
5.12787910927934
5.14550219269572
5.1631252668339
5.18074832873478
5.19837137449545
5.21599439896828
5.23361739536387
5.25124035472746
5.26886326524833
5.28648611134891
5.30410887248348
5.32173152155357
5.33935402281819
5.35697632913735
5.37459837833669
5.39222008841249
5.40984135120756
5.42746202407024
5.44508191885324
5.46270078740411
5.4803183024286
5.49793403225126
5.51554740752774
5.53315767734248
5.55076385130829
5.56836462320577
5.58595827028001
5.60354252043879
5.62111437712939
5.63866988842094
5.65620384254063
5.6737093664824
5.69117739690461
5.70859598281161
5.72594936676302
5.74321677465894
5.76037082234469
5.77737541888948
5.79418300959567
5.8107309543768
5.82693677653233
5.84269194034218
5.85785372061628
5.87223461153313
5.88558858626905
5.89759336853061
5.90782772734947
5.91574269029259
5.92062555119036
5.92155574084426
5.91735222621264
5.90651341286249
5.88715300109225
5.85693948803605
5.81305366094906
5.75218785152029
5.67062225282833
5.5644242438418
5.42981942087895
5.2637660305912
5.06471374337551
4.83343716606743
4.57372359584394
4.29262134966423
4
3.70737865033577
3.42627640415606
3.16656283393257
2.93528625662449
2.7362339694088
2.57018057912105
2.4355757561582
2.32937774717167
2.24781214847971
2.18694633905094
2.14306051196395
2.11284699890775
2.09348658713751
2.08264777378736
2.07844425915574
2.07937444880964
2.08425730970741
2.09217227265053
2.10240663146939
2.11441141373095
2.12776538846687
2.14214627938372
2.15730805965782
2.17306322346767
2.1892690456232
2.20581699040433
2.22262458111052
2.23962917765531
2.25678322534106
2.27405063323698
2.29140401718839
2.30882260309539
2.3262906335176
2.34379615745937
2.36133011157906
2.37888562287061
2.39645747956121
2.41404172971999
2.43163537679423
2.44923614869171
2.46684232265752
2.48445259247226
2.50206596774874
2.5196816975714
2.53729921259589
2.55491808114676
2.57253797592975
2.59015864879244
2.60777991158751
2.62540162166331
2.64302367086265
2.66064597718181
2.67826847844643
2.69589112751652
2.71351388865109
2.73113673475167
2.74875964527254
2.76638260463613
2.78400560103172
2.80162862550455
2.81925167126522
2.8368747331661
2.85449780730428
