2.87212089072066
3.01310570952838
3.15409060071728
3.29507549981011
3.43606039976604
3.57704529981622
3.71803019987669
3.85901509993828
4
4.14098490006172
4.28196980012331
4.42295470018378
4.56393960023396
4.70492450018989
4.84590939928272
4.98689429047162
5.12787910927934
5.26886326524833
5.40984135120756
5.55076385130829
5.69117739690461
5.82693677653233
5.92062555119036
5.67062225282833
4
2.32937774717167
2.07937444880964
2.17306322346767
2.30882260309539
2.44923614869171
2.59015864879244
2.73113673475167
