2.87212089072066
2.88093243518415
2.88974398117166
2.8985555284862
2.90736707695623
2.91617862643239
2.92499017678464
2.93380172789973
2.94261327967906
2.95142483203676
2.96023638489808
2.96904793819792
2.97785949187959
2.98667104589375
2.9954826001974
3.00429415475314
3.01310570952838
3.02191726449475
3.03072881962753
3.03954037490523
3.0483519303091
3.05716348582284
3.06597504143225
3.07478659712496
3.08359815289021
3.09240970871861
3.10122126460201
3.11003282053329
3.11884437650627
3.12765593251556
3.13646748855646
3.14527904462488
3.15409060071728
3.16290215683054
3.17171371296198
3.18052526910924
3.18933682527028
3.19814838144332
3.20695993762681
3.21577149381939
3.22458305001989
3.23339460622729
3.2422061624407
3.25101771865933
3.25982927488252
3.26864083110967
3.27745238734027
3.28626394357388
3.29507549981011
3.30388705604861
3.3126986122891
3.32151016853132
3.33032172477504
3.33913328102008
3.34794483726625
3.35675639351342
3.36556794976145
3.37437950601023
3.38319106225968
3.39200261850969
3.4008141747602
3.40962573101114
3.41843728726246
3.4272488435141
3.43606039976604
3.44487195601822
3.45368351227062
3.4624950685232
3.47130662477596
3.48011818102885
3.48892973728187
3.497741293535
3.50655284978822
3.51536440604152
3.5241759622949
3.53298751854834
3.54179907480183
3.55061063105537
3.55942218730895
3.56823374356257
3.57704529981622
3.58585685606989
3.59466841232359
3.60347996857731
3.61229152483105
3.6211030810848
3.62991463733857
3.63872619359235
3.64753774984614
3.65634930609993
3.66516086235374
3.67397241860755
3.68278397486137
3.69159553111519
3.70040708736902
3.70921864362285
3.71803019987669
3.72684175613053
3.73565331238437
3.74446486863821
3.75327642489206
3.7620879811459
3.77089953739975
3.7797110936536
3.78852264990745
3.7973342061613
3.80614576241516
3.81495731866901
3.82376887492286
3.83258043117672
3.84139198743057
3.85020354368443
3.85901509993828
3.86782665619214
3.876638212446
3.88544976869985
3.89426132495371
3.90307288120757
3.91188443746142
3.92069599371528
3.92950754996914
3.938319106223
3.94713066247685
3.95594221873071
3.96475377498457
3.97356533123843
3.98237688749228
3.99118844374614
4
4.00881155625386
4.01762311250772
4.02643466876157
4.03524622501543
4.04405778126929
4.05286933752315
4.061680893777
4.07049245003086
4.07930400628472
4.08811556253858
4.09692711879243
4.10573867504629
4.11455023130015
4.123361787554
4.13217334380786
4.14098490006172
4.14979645631557
4.15860801256943
4.16741956882328
4.17623112507714
4.18504268133099
4.19385423758484
4.2026657938387
4.21147735009255
4.2202889063464
4.22910046260025
4.2379120188541
4.24672357510794
4.25553513136179
4.26434668761563
4.27315824386947
4.28196980012331
4.29078135637715
4.29959291263098
4.30840446888481
4.31721602513863
4.32602758139245
4.33483913764626
4.34365069390007
4.35246225015386
4.36127380640765
4.37008536266143
4.3788969189152
4.38770847516895
4.39652003142269
4.40533158767641
4.41414314393011
4.42295470018378
4.43176625643743
4.44057781269105
4.44938936894463
4.45820092519817
4.46701248145166
4.4758240377051
4.48463559395848
4.49344715021178
4.502258706465
4.51107026271813
4.51988181897115
4.52869337522404
4.53750493147679
4.54631648772938
4.55512804398178
4.56393960023396
4.5727511564859
4.58156271273754
4.59037426898886
4.5991858252398
4.60799738149031
4.61680893774032
4.62562049398977
4.63443205023855
4.64324360648658
4.65205516273375
4.66086671897992
4.66967827522496
4.67848983146868
4.6873013877109
4.69611294395139
4.70492450018989
4.71373605642612
4.72254761265973
4.73135916889033
4.74017072511748
4.74898228134067
4.7577938375593
4.76660539377271
4.77541694998011
4.78422850618061
4.79304006237319
4.80185161855668
4.81066317472972
4.81947473089076
4.82828628703802
4.83709784316946
4.84590939928272
4.85472095537512
4.86353251144354
4.87234406748444
4.88115562349373
4.88996717946671
4.89877873539799
4.90759029128139
4.91640184710979
4.92521340287504
4.93402495856775
4.94283651417716
4.9516480696909
4.96045962509477
4.96927118037247
4.97808273550525
4.98689429047162
4.99570584524686
5.0045173998026
5.01332895410625
5.02214050812041
5.03095206180208
5.03976361510192
5.04857516796324
5.05738672032094
5.06619827210027
5.07500982321536
5.08382137356761
5.09263292304377
5.1014444715138
5.11025601882834
5.11906756481585
5.12787910927934
5.13669065199257
5.14550219269572
5.15431373109039
5.1631252668339
5.17193679953269
5.18074832873478
5.18955985392107
5.19837137449545
5.20718288977327
5.21599439896828
5.22480590117749
5.23361739536387
5.24242888033645
5.25124035472746
5.26005181696608
5.26886326524833
5.27767469750239
5.28648611134891
5.29529750405534
5.30410887248348
5.31292021302925
5.32173152155357
5.33054279330294
5.33935402281819
5.34816520382975
5.35697632913735
5.36578739047189
5.37459837833669
5.38340928182537
5.39222008841249
5.40103078371327
5.40984135120756
5.41865177192286
5.42746202407024
5.43627208262636
5.44508191885324
5.4538914997469
5.46270078740411
5.47150973829515
5.4803183024286
5.48912642239218
5.49793403225126
5.50674105628383
5.51554740752774
5.52435298611233
5.53315767734248
5.5419613494983
5.55076385130829
5.55956500904762
5.56836462320577
5.57716246465982
5.58595827028001
5.59475173788334
5.60354252043879
5.61233021941304
5.62111437712939
5.62989446799394
5.63866988842094
5.64743994526524
5.65620384254063
5.66496066617083
5.6737093664824
5.68244873810615
5.69117739690461
5.69989375348735
5.70859598281161
5.71728198929245
5.72594936676302
5.73459535252988
5.74321677465894
5.75180999150358
5.76037082234469
5.76889446785153
5.77737541888948
5.78580735199395
5.79418300959567
5.80249406281879
5.8107309543768
5.81888271875928
5.82693677653233
5.83487869916505
5.84269194034218
5.85035752922856
5.85785372061628
5.86515559631342
5.87223461153313
5.87905807942404
5.88558858626905
5.89178332929579
5.89759336853061
5.90296278374318
5.90782772734947
5.91211536426769
5.91574269029259
5.9186152217446
5.92062555119036
5.92165176720795
5.92155574084426
5.92018128802075
5.91735222621264
5.91287035586175
5.90651341286249
5.89803305879819
5.88715300109225
5.87356736643569
5.85693948803605
5.8369013101522
5.81305366094906
5.78496769458221
5.75218785152029
5.71423672607372
5.67062225282833
5.62084761710343
5.5644242438418
5.5008881079423
5.42981942087895
5.35086547151874
5.2637660305912
5.1683802809164
5.06471374337551
4.95294319117751
4.83343716606743
4.70676952935956
4.57372359584394
4.43528488027663
4.29262134966423
4.14705125811297
4
3.85294874188703
3.70737865033577
3.56471511972337
3.42627640415606
3.29323047064044
3.16656283393257
3.04705680882249
2.93528625662449
2.8316197190836
2.7362339694088
2.64913452848126
2.57018057912105
2.4991118920577
2.4355757561582
2.37915238289657
2.32937774717167
2.28576327392628
2.24781214847971
2.21503230541779
2.18694633905094
2.1630986898478
2.14306051196395
2.12643263356431
2.11284699890775
2.10196694120181
2.09348658713751
2.08712964413825
2.08264777378736
2.07981871197925
2.07844425915574
2.07834823279205
2.07937444880964
2.0813847782554
2.08425730970741
2.08788463573231
2.09217227265053
2.09703721625682
2.10240663146939
2.10821667070421
2.11441141373095
2.12094192057596
2.12776538846687
2.13484440368658
2.14214627938372
2.14964247077144
2.15730805965782
2.16512130083495
2.17306322346767
2.18111728124072
2.1892690456232
2.19750593718121
2.20581699040433
2.21419264800605
2.22262458111052
2.23110553214847
2.23962917765531
2.24819000849642
2.25678322534106
2.26540464747012
2.27405063323698
2.28271801070755
2.29140401718839
2.30010624651265
2.30882260309539
2.31755126189385
2.3262906335176
2.33503933382917
2.34379615745937
2.35256005473476
2.36133011157906
2.37010553200606
2.37888562287061
2.38766978058697
2.39645747956121
2.40524826211667
2.41404172971999
2.42283753534018
2.43163537679423
2.44043499095238
2.44923614869171
2.4580386505017
2.46684232265752
2.47564701388767
2.48445259247226
2.49325894371617
2.50206596774874
2.51087357760782
2.5196816975714
2.52849026170485
2.53729921259589
2.5461085002531
2.55491808114676
2.56372791737364
2.57253797592975
2.58134822807714
2.59015864879244
2.59896921628673
2.60777991158751
2.61659071817463
2.62540162166331
2.63421260952811
2.64302367086265
2.65183479617025
2.66064597718181
2.66945720669706
2.67826847844643
2.68707978697075
2.69589112751652
2.70470249594466
2.71351388865109
2.72232530249762
2.73113673475167
2.73994818303392
2.74875964527254
2.75757111966355
2.76638260463613
2.77519409882251
2.78400560103172
2.79281711022673
2.80162862550455
2.81044014607893
2.81925167126522
2.82806320046731
2.8368747331661
2.84568626890961
2.85449780730428
2.86330934800743
