2.87212089072066
2.94261327967906
3.01310570952838
3.08359815289021
3.15409060071728
3.22458305001989
3.29507549981011
3.36556794976145
3.43606039976604
3.50655284978822
3.57704529981622
3.64753774984614
3.71803019987669
3.78852264990745
3.85901509993828
3.92950754996914
4
4.07049245003086
4.14098490006172
4.21147735009255
4.28196980012331
4.35246225015386
4.42295470018378
4.49344715021178
4.56393960023396
4.63443205023855
4.70492450018989
4.77541694998011
4.84590939928272
4.91640184710979
4.98689429047162
5.05738672032094
5.12787910927934
5.19837137449545
5.26886326524833
5.33935402281819
5.40984135120756
5.4803183024286
5.55076385130829
5.62111437712939
5.69117739690461
5.76037082234469
5.82693677653233
5.88558858626905
5.92062555119036
5.88715300109225
5.67062225282833
5.06471374337551
4
2.93528625662449
2.32937774717167
2.11284699890775
2.07937444880964
2.11441141373095
2.17306322346767
2.23962917765531
2.30882260309539
2.37888562287061
2.44923614869171
2.5196816975714
2.59015864879244
2.66064597718181
2.73113673475167
2.80162862550455
