4
3.82450097889144
3.65332993859242
3.49042779497114
3.33903264334023
3.20148493064009
3.07916942593193
2.97257755668274
2.88145305166798
2.80497803188434
2.74196263543981
2.69101310590062
2.65066569664127
2.61948356524635
2.59612003207543
2.57935453632909
2.5681082962946
2.56144604257932
2.55856898766489
2.55880288905779
2.56158389824735
2.56644395522787
2.57299679553863
2.58092515141803
2.5899694062193
2.59991775857124
2.61059783382319
2.62186961735947
2.63361955726708
2.64575567858814
2.65820355860339
2.67090302620347
2.68380546463118
2.69687161347153
2.71006978147783
2.72337439603127
2.73676482750218
2.75022443750153
2.76373980908939
2.77730012461075
2.79089666314401
2.80452239475849
2.81817165305734
2.83183987098203
2.84552336770956
2.85921917679577
2.87292490760367
2.88663863358459
2.9003588022179
2.91408416241642
2.92781370601441
2.94154662060863
2.95528225155154
2.96902007132131
2.98275965483776
2.99650065957034
3.01024280950818
3.02398588224259
3.03772969855776
3.05147411404279
3.06521901233248
3.07896429966079
3.09270990047196
3.10645575388392
3.12020181083856
3.1339480318054
3.14769438493126
3.1614408445492
3.17518738997712
3.18893400454964
3.20268067483799
3.21642739002145
3.23017414138082
3.24392092189026
3.25766772588846
3.2714145488136
3.28516138698982
3.29890823745516
3.31265509782292
3.32640196616993
3.3401488409465
3.35389572090393
3.36764260503604
3.38138949253204
3.39513638273863
3.40888327512937
3.42263016928007
3.43637706484893
3.45012396156052
3.4638708591929
3.47761775756726
3.49136465653948
3.50511155599345
3.51885845583562
3.53260535599058
3.54635225639759
3.5600991570077
3.57384605778147
3.5875929586871
3.601339859699
3.61508676079651
3.62883366196302
3.64258056318513
3.65632746445203
3.67007436575502
3.6838212670871
3.69756816844262
3.71131506981702
3.72506197120664
3.73880887260851
3.75255577402027
3.76630267543998
3.78004957686611
3.79379647829739
3.80754337973284
3.82129028117164
3.83503718261313
3.84878408405679
3.86253098550219
3.87627788694898
3.8900247883969
3.9037716898457
3.91751859129521
3.93126549274526
3.94501239419575
3.95875929564655
3.97250619709758
3.98625309854875
4
4.01374690145125
4.02749380290242
4.04124070435345
4.05498760580425
4.06873450725474
4.08248140870479
4.0962283101543
4.1099752116031
4.12372211305102
4.13746901449781
4.15121591594321
4.16496281738687
4.17870971882836
4.19245662026716
4.20620352170261
4.21995042313389
4.23369732456002
4.24744422597973
4.26119112739149
4.27493802879336
4.28868493018298
4.30243183155738
4.3161787329129
4.32992563424498
4.34367253554797
4.35741943681487
4.37116633803698
4.38491323920348
4.398660140301
4.4124070413129
4.42615394221853
4.4399008429923
4.45364774360241
4.46739464400942
4.48114154416438
4.49488844400655
4.50863534346052
4.52238224243274
4.5361291408071
4.54987603843948
4.56362293515107
4.57736983071993
4.59111672487063
4.60486361726137
4.61861050746796
4.63235739496396
4.64610427909607
4.6598511590535
4.67359803383007
4.68734490217708
4.70109176254484
4.71483861301019
4.7285854511864
4.74233227411154
4.75607907810974
4.76982585861918
4.78357260997855
4.79731932516201
4.81106599545036
4.82481261002288
4.8385591554508
4.85230561506874
4.8660519681946
4.87979818916144
4.89354424611608
4.90729009952804
4.92103570033921
4.93478098766752
4.94852588595721
4.96227030144224
4.97601411775741
4.98975719049182
5.00349934042966
5.01724034516224
5.03097992867869
5.04471774844846
5.05845337939137
5.07218629398559
5.08591583758358
5.0996411977821
5.11336136641541
5.12707509239633
5.14078082320423
5.15447663229044
5.16816012901797
5.18182834694266
5.19547760524151
5.20910333685599
5.22269987538925
5.23626019091061
5.24977556249847
5.26323517249782
5.27662560396873
5.28993021852217
5.30312838652847
5.31619453536882
5.32909697379653
5.34179644139661
5.35424432141186
5.36638044273292
5.37813038264053
5.38940216617681
5.40008224142876
5.41003059378071
5.41907484858197
5.42700320446137
5.43355604477213
5.43841610175265
5.44119711094221
5.44143101233511
5.43855395742068
5.4318917037054
5.42064546367091
5.40387996792457
5.38051643475365
5.34933430335873
5.30898689409938
5.25803736456018
5.19502196811566
5.11854694833202
5.02742244331726
4.92083057406807
4.79851506935991
4.66096735665977
4.50957220502886
4.34667006140758
4.17549902110856
