4
2.88145305166798
2.5681082962946
2.5899694062193
2.68380546463118
2.79089666314401
2.9003588022179
3.01024280950818
3.12020181083856
3.23017414138082
3.3401488409465
3.45012396156052
3.5600991570077
3.67007436575502
3.78004957686611
3.8900247883969
4
4.1099752116031
4.21995042313389
4.32992563424498
4.4399008429923
4.54987603843948
4.6598511590535
4.76982585861918
4.87979818916144
4.98975719049182
5.0996411977821
5.20910333685599
5.31619453536882
5.41003059378071
5.4318917037054
5.11854694833202
