4
3.65332993859242
3.33903264334023
3.07916942593193
2.88145305166798
2.74196263543981
2.65066569664127
2.59612003207543
2.5681082962946
2.55856898766489
2.56158389824735
2.57299679553863
2.5899694062193
2.61059783382319
2.63361955726708
2.65820355860339
2.68380546463118
2.71006978147783
2.73676482750218
2.76373980908939
2.79089666314401
2.81817165305734
2.84552336770956
2.87292490760367
2.9003588022179
2.92781370601441
2.95528225155154
2.98275965483776
3.01024280950818
3.03772969855776
3.06521901233248
3.09270990047196
3.12020181083856
3.14769438493126
3.17518738997712
3.20268067483799
3.23017414138082
3.25766772588846
3.28516138698982
3.31265509782292
3.3401488409465
3.36764260503604
3.39513638273863
3.42263016928007
3.45012396156052
3.47761775756726
3.50511155599345
3.53260535599058
3.5600991570077
3.5875929586871
3.61508676079651
3.64258056318513
3.67007436575502
3.69756816844262
3.72506197120664
3.75255577402027
3.78004957686611
3.80754337973284
3.83503718261313
3.86253098550219
3.8900247883969
3.91751859129521
3.94501239419575
3.97250619709758
4
4.02749380290242
4.05498760580425
4.08248140870479
4.1099752116031
4.13746901449781
4.16496281738687
4.19245662026716
4.21995042313389
4.24744422597973
4.27493802879336
4.30243183155738
4.32992563424498
4.35741943681487
4.38491323920348
4.4124070413129
4.4399008429923
4.46739464400942
4.49488844400655
4.52238224243274
4.54987603843948
4.57736983071993
4.60486361726137
4.63235739496396
4.6598511590535
4.68734490217708
4.71483861301019
4.74233227411154
4.76982585861918
4.79731932516201
4.82481261002288
4.85230561506874
4.87979818916144
4.90729009952804
4.93478098766752
4.96227030144224
4.98975719049182
5.01724034516224
5.04471774844846
5.07218629398559
5.0996411977821
5.12707509239633
5.15447663229044
5.18182834694266
5.20910333685599
5.23626019091061
5.26323517249782
5.28993021852217
5.31619453536882
5.34179644139661
5.36638044273292
5.38940216617681
5.41003059378071
5.42700320446137
5.43841610175265
5.44143101233511
5.4318917037054
5.40387996792457
5.34933430335873
5.25803736456018
5.11854694833202
4.92083057406807
4.66096735665977
4.34667006140758
