4
3.91197526769573
3.82450097889144
3.73811487965782
3.65332993859242
3.57062345055744
3.49042779497114
3.41312319076755
3.33903264334023
3.26841912965109
3.20148493064009
3.13837290636167
3.07916942593193
3.02390861399686
2.97257755668274
2.92512211853711
2.88145305166798
2.8414521223163
2.80497803188434
2.77187196333113
2.74196263543981
2.71507079372362
2.69101310590062
2.66960546122775
2.65066569664127
2.63401578925117
2.61948356524635
2.60690398078497
2.59612003207543
2.58698335061479
2.57935453632909
2.57310327688545
2.5681082962946
2.56425717053122
2.56144604257932
2.55957926427152
2.55856898766489
2.55833472455099
2.55880288905779
2.55990633516031
2.56158389824735
2.56377994765506
2.56644395522787
2.56953008345814
2.57299679553863
2.57680648869616
2.58092515141803
2.58532204460156
2.5899694062193
2.59484217877151
2.59991775857124
2.60517576575544
2.61059783382319
2.61616741745554
2.62186961735947
2.62769102089367
2.63361955726708
2.63964436614929
2.64575567858814
2.65194470919246
2.65820355860339
2.66452512534404
2.67090302620347
2.67733152437503
2.68380546463118
2.69032021487592
2.69687161347153
2.70345592178872
2.71006978147783
2.71671017600404
2.72337439603127
2.7300600082778
2.73676482750218
2.74348689130995
2.75022443750153
2.75697588370845
2.76373980908939
2.77051493788002
2.77730012461075
2.78409434082457
2.79089666314401
2.79770626255124
2.80452239475849
2.81134439155876
2.81817165305734
2.82500364069494
2.83183987098203
2.83867990987221
2.84552336770956
2.85236989469166
2.85921917679577
2.86607093212091
2.87292490760367
2.87978087606936
2.88663863358459
2.89349799708033
2.9003588022179
2.90722090147314
2.91408416241642
2.92094846616853
2.92781370601441
2.93467978615872
2.94154662060863
2.94841413217091
2.95528225155154
2.96215091654754
2.96902007132131
2.97588966574941
2.98275965483776
2.98962999819681
2.99650065957034
3.00337160641251
3.01024280950818
3.01711424263201
3.02398588224259
3.03085770720768
3.03772969855776
3.04460183926463
3.05147411404279
3.05834650917105
3.06521901233248
3.07209161247068
3.07896429966079
3.08583706499367
3.09270990047196
3.09958279891677
3.10645575388392
3.11332875958873
3.12020181083856
3.12707490297218
3.1339480318054
3.14082119358229
3.14769438493126
3.15456760282582
3.1614408445492
3.16831410766268
3.17518738997712
3.18206068952744
3.18893400454964
3.19580733346029
3.20268067483799
3.20955402740683
3.21642739002145
3.22330076165375
3.23017414138082
3.23704752837421
3.24392092189026
3.25079432126142
3.25766772588846
3.26454113523347
3.2714145488136
3.2782879661954
3.28516138698982
3.29203481084757
3.29890823745516
3.30578166653115
3.31265509782292
3.3195285311037
3.32640196616993
3.33327540283887
3.3401488409465
3.34702228034558
3.35389572090393
3.36076916250292
3.36764260503604
3.37451604840768
3.38138949253204
3.38826293733207
3.39513638273863
3.40200982868963
3.40888327512937
3.41575672200781
3.42263016928007
3.42950361690583
3.43637706484893
3.44325051307687
3.45012396156052
3.45699741027369
3.4638708591929
3.47074430829707
3.47761775756726
3.48449120698648
3.49136465653948
3.49823810621256
3.50511155599345
3.5119850058711
3.51885845583562
3.5257319058781
3.53260535599058
3.53947880616589
3.54635225639759
3.55322570667993
3.5600991570077
3.56697260737628
3.57384605778147
3.58071950821953
3.5875929586871
3.59446640918116
3.601339859699
3.60821331023818
3.61508676079651
3.62196021137205
3.62883366196302
3.63570711256786
3.64258056318513
3.64945401381356
3.65632746445203
3.66320091509948
3.67007436575502
3.67694781641781
3.6838212670871
3.69069471776224
3.69756816844262
3.70444161912771
3.71131506981702
3.71818852051013
3.72506197120664
3.7319354219062
3.73880887260851
3.74568232331328
3.75255577402027
3.75942922472923
3.76630267543998
3.77317612615233
3.78004957686611
3.78692302758117
3.79379647829739
3.80066992901465
3.80754337973284
3.81441683045187
3.82129028117164
3.82816373189208
3.83503718261313
3.84191063333472
3.84878408405679
3.85565753477929
3.86253098550219
3.86940443622543
3.87627788694898
3.88315133767282
3.8900247883969
3.8968982391212
3.9037716898457
3.91064514057038
3.91751859129521
3.92439204202017
3.93126549274526
3.93813894347046
3.94501239419575
3.95188584492112
3.95875929564655
3.96563274637204
3.97250619709758
3.97937964782315
3.98625309854875
3.99312654927437
4
4.00687345072563
4.01374690145125
4.02062035217685
4.02749380290242
4.03436725362796
4.04124070435345
4.04811415507888
4.05498760580425
4.06186105652954
4.06873450725474
4.07560795797983
4.08248140870479
4.08935485942962
4.0962283101543
4.1031017608788
4.1099752116031
4.11684866232718
4.12372211305102
4.13059556377457
4.13746901449781
4.14434246522071
4.15121591594321
4.15808936666528
4.16496281738687
4.17183626810792
4.17870971882836
4.18558316954813
4.19245662026716
4.19933007098535
4.20620352170261
4.21307697241883
4.21995042313389
4.22682387384767
4.23369732456002
4.24057077527077
4.24744422597973
4.25431767668672
4.26119112739149
4.2680645780938
4.27493802879336
4.28181147948987
4.28868493018298
4.29555838087229
4.30243183155738
4.30930528223776
4.3161787329129
4.32305218358219
4.32992563424498
4.33679908490052
4.34367253554797
4.35054598618644
4.35741943681487
4.36429288743214
4.37116633803698
4.37803978862795
4.38491323920348
4.39178668976182
4.398660140301
4.40553359081884
4.4124070413129
4.41928049178047
4.42615394221853
4.43302739262372
4.4399008429923
4.44677429332007
4.45364774360241
4.46052119383411
4.46739464400942
4.4742680941219
4.48114154416438
4.4880149941289
4.49488844400655
4.50176189378744
4.50863534346052
4.51550879301352
4.52238224243274
4.52925569170293
4.5361291408071
4.54300258972631
4.54987603843948
4.55674948692313
4.56362293515107
4.57049638309417
4.57736983071993
4.58424327799219
4.59111672487063
4.59799017131037
4.60486361726137
4.61173706266793
4.61861050746796
4.62548395159232
4.63235739496396
4.63923083749708
4.64610427909607
4.65297771965442
4.6598511590535
4.66672459716113
4.67359803383007
4.6804714688963
4.68734490217708
4.69421833346885
4.70109176254484
4.70796518915243
4.71483861301019
4.7217120338046
4.7285854511864
4.73545886476653
4.74233227411154
4.74920567873858
4.75607907810974
4.76295247162579
4.76982585861918
4.77669923834625
4.78357260997855
4.79044597259317
4.79731932516201
4.80419266653971
4.81106599545036
4.81793931047256
4.82481261002288
4.83168589233732
4.8385591554508
4.84543239717418
4.85230561506874
4.85917880641771
4.8660519681946
4.87292509702782
4.87979818916144
4.88667124041127
4.89354424611608
4.90041720108323
4.90729009952804
4.91416293500633
4.92103570033921
4.92790838752932
4.93478098766752
4.94165349082895
4.94852588595721
4.95539816073537
4.96227030144224
4.96914229279232
4.97601411775741
4.98288575736799
4.98975719049182
4.99662839358749
5.00349934042966
5.01037000180319
5.01724034516224
5.02411033425059
5.03097992867869
5.03784908345246
5.04471774844846
5.05158586782909
5.05845337939137
5.06532021384128
5.07218629398559
5.07905153383147
5.08591583758358
5.09277909852686
5.0996411977821
5.10650200291967
5.11336136641541
5.12021912393064
5.12707509239633
5.13392906787909
5.14078082320423
5.14763010530834
5.15447663229044
5.16132009012779
5.16816012901797
5.17499635930506
5.18182834694266
5.18865560844124
5.19547760524151
5.20229373744876
5.20910333685599
5.21590565917543
5.22269987538925
5.22948506211998
5.23626019091061
5.24302411629155
5.24977556249847
5.25651310869005
5.26323517249782
5.2699399917222
5.27662560396873
5.28328982399596
5.28993021852217
5.29654407821128
5.30312838652847
5.30967978512408
5.31619453536882
5.32266847562497
5.32909697379653
5.33547487465597
5.34179644139661
5.34805529080754
5.35424432141186
5.36035563385071
5.36638044273292
5.37230897910633
5.37813038264053
5.38383258254446
5.38940216617681
5.39482423424456
5.40008224142876
5.40515782122849
5.41003059378071
5.41467795539844
5.41907484858197
5.42319351130384
5.42700320446137
5.43046991654186
5.43355604477213
5.43622005234494
5.43841610175265
5.44009366483969
5.44119711094221
5.44166527544901
5.44143101233511
5.44042073572848
5.43855395742068
5.43574282946878
5.4318917037054
5.42689672311455
5.42064546367091
5.41301664938521
5.40387996792457
5.39309601921503
5.38051643475365
5.36598421074883
5.34933430335873
5.33039453877225
5.30898689409938
5.28492920627638
5.25803736456018
5.22812803666887
5.19502196811566
5.1585478776837
5.11854694833202
5.07487788146289
5.02742244331726
4.97609138600314
4.92083057406807
4.86162709363833
4.79851506935991
4.73158087034891
4.66096735665977
4.58687680923245
4.50957220502886
4.42937654944257
4.34667006140758
4.26188512034218
4.17549902110856
4.08802473230427
