4
3.9559530807958
3.91197526769573
3.86813526508973
3.82450097889144
3.78113912957573
3.73811487965782
3.69549147995571
3.65332993859242
3.61168871623595
3.57062345055744
3.53018671232618
3.49042779497114
3.4513925388372
3.41312319076755
3.37565829906525
3.33903264334023
3.30327719824506
3.26841912965109
3.23448182142533
3.20148493064009
3.16944446878571
3.13837290636167
3.10827929809069
3.07916942593193
3.05104595705762
3.02390861399686
2.99775435423542
2.97257755668274
2.948370212572
2.92512211853711
2.90282106980739
2.88145305166798
2.86100242754843
2.8414521223163
2.82278379956438
2.80497803188434
2.78801446331443
2.77187196333113
2.75652877192313
2.74196263543981
2.72815093304431
2.71507079372362
2.70269920391515
2.69101310590062
2.6799894871957
2.66960546122775
2.65983833964505
2.65066569664127
2.64206542570832
2.63401578925117
2.62649546151076
2.61948356524635
2.61295970262811
2.60690398078497
2.60129703244289
2.59612003207543
2.59135470797246
2.58698335061479
2.58298881772315
2.57935453632909
2.57606450219458
2.57310327688545
2.57045598278269
2.5681082962946
2.56604643951229
2.56425717053122
2.56272777264246
2.56144604257932
2.56040027798757
2.55957926427152
2.55897226095284
2.55856898766489
2.55835960989198
2.55833472455099
2.55848534550117
2.55880288905779
2.55927915957573
2.55990633516031
2.56067695355485
2.56158389824735
2.56262038483194
2.56377994765506
2.56505642677117
2.56644395522787
2.56793694669619
2.56953008345814
2.5712183047602
2.57299679553863
2.57486097551973
2.57680648869616
2.57882919317829
2.58092515141803
2.58309062080095
2.58532204460156
2.58761604329516
2.5899694062193
2.59237908357673
2.59484217877151
2.59735594106906
2.59991775857124
2.60252515149646
2.60517576575544
2.60786736681258
2.61059783382319
2.6133651540366
2.61616741745554
2.61900281174188
2.62186961735947
2.6247662029444
2.62769102089367
2.63064260316332
2.63361955726708
2.63662056246724
2.63964436614929
2.64268978037243
2.64575567858814
2.64884099251925
2.65194470919246
2.65506586811706
2.65820355860339
2.66135691721436
2.66452512534404
2.66770740691706
2.67090302620347
2.67411128574317
2.67733152437503
2.68056311536536
2.68380546463118
2.68705800905342
2.69032021487592
2.69359157618584
2.69687161347153
2.70015987225406
2.70345592178872
2.70675935383301
2.71006978147783
2.71338683803872
2.71671017600404
2.72003946603737
2.72337439603127
2.72671467020986
2.7300600082778
2.73341014461318
2.73676482750218
2.74012381841346
2.74348689130995
2.74685383199655
2.75022443750153
2.7535985154901
2.75697588370845
2.76035636945673
2.76373980908939
2.76712604754153
2.77051493788002
2.77390634087784
2.77730012461075
2.78069616407493
2.78409434082457
2.78749454262836
2.79089666314401
2.79430060160961
2.79770626255124
2.80111355550583
2.80452239475849
2.80793269909357
2.81134439155876
2.81475739924156
2.81817165305734
2.82158708754867
2.82500364069494
2.82842125373216
2.83183987098203
2.83525943969008
2.83867990987221
2.84210123416932
2.84552336770956
2.84894626797774
2.85236989469166
2.85579420968492
2.85921917679577
2.86264476176195
2.86607093212091
2.86949765711536
2.87292490760367
2.8763526559751
2.87978087606936
2.88320954310048
2.88663863358459
2.8900681252716
2.89349799708033
2.89692822903718
2.9003588022179
2.90378969869253
2.90722090147314
2.91065239446434
2.91408416241642
2.91751619088092
2.92094846616853
2.92438097530921
2.92781370601441
2.93124664664128
2.93467978615872
2.93811311411527
2.94154662060863
2.94498029625684
2.94841413217091
2.95184811992893
2.95528225155154
2.95871651947868
2.96215091654754
2.96558543597168
2.96902007132131
2.9724548165045
2.97588966574941
2.97932461358755
2.98275965483776
2.98619478459116
2.98962999819681
2.99306529124819
2.99650065957034
2.99993609920768
3.00337160641251
3.00680717763407
3.01024280950818
3.01367849884745
3.01711424263201
3.02055003800067
3.02398588224259
3.02742177278939
3.03085770720768
3.03429368319193
3.03772969855776
3.0411657512356
3.04460183926463
3.04803796078708
3.05147411404279
3.05491029736411
3.05834650917105
3.06178274796661
3.06521901233248
3.06865530092489
3.07209161247068
3.0755279457636
3.07896429966079
3.08240067307945
3.08583706499367
3.08927347443148
3.09270990047196
3.09614634224261
3.09958279891677
3.10301926971123
3.10645575388392
3.10989225073179
3.11332875958873
3.11676527982363
3.12020181083856
3.12363835206699
3.12707490297218
3.13051146304559
3.1339480318054
3.13738460879514
3.14082119358229
3.14425778575708
3.14769438493126
3.15113099073701
3.15456760282582
3.1580042208675
3.1614408445492
3.16487747357454
3.16831410766268
3.17175074654757
3.17518738997712
3.17862403771251
3.18206068952744
3.18549734520752
3.18893400454964
3.19237066736134
3.19580733346029
3.19924400267373
3.20268067483799
3.206117349798
3.20955402740683
3.21299070752527
3.21642739002145
3.21986407477041
3.22330076165375
3.22673745055931
3.23017414138082
3.23361083401758
3.23704752837421
3.24048422436031
3.24392092189026
3.24735762088292
3.25079432126142
3.25423102295293
3.25766772588846
3.26110443000262
3.26454113523347
3.26797784152233
3.2714145488136
3.27485125705459
3.2782879661954
3.28172467618875
3.28516138698982
3.28859809855616
3.29203481084757
3.29547152382594
3.29890823745516
3.30234495170103
3.30578166653115
3.30921838191481
3.31265509782292
3.31609181422792
3.3195285311037
3.32296524842552
3.32640196616993
3.32983868431472
3.33327540283887
3.33671212172242
3.3401488409465
3.3435855604932
3.34702228034558
3.35045900048756
3.35389572090393
3.35733244158027
3.36076916250292
3.36420588365893
3.36764260503604
3.37107932662262
3.37451604840768
3.37795277038078
3.38138949253204
3.38482621485209
3.38826293733207
3.39169965996357
3.39513638273863
3.3985731056497
3.40200982868963
3.40544655185166
3.40888327512937
3.41231999851667
3.41575672200781
3.41919344559733
3.42263016928007
3.42606689305112
3.42950361690583
3.43294034083983
3.43637706484893
3.43981378892919
3.44325051307687
3.44668723728843
3.45012396156052
3.45356068588994
3.45699741027369
3.46043413470891
3.4638708591929
3.4673075837231
3.47074430829707
3.47418103291251
3.47761775756726
3.48105448225923
3.48449120698648
3.48792793174714
3.49136465653948
3.49480138136181
3.49823810621256
3.50167483109025
3.50511155599345
3.50854828092082
3.5119850058711
3.51542173084308
3.51885845583562
3.52229518084763
3.5257319058781
3.52916863092606
3.53260535599058
3.5360420810708
3.53947880616589
3.54291553127507
3.54635225639759
3.54978898153277
3.55322570667993
3.55666243183844
3.5600991570077
3.56353588218716
3.56697260737628
3.57040933257454
3.57384605778147
3.57728278299661
3.58071950821953
3.58415623344983
3.5875929586871
3.591029683931
3.59446640918116
3.59790313443727
3.601339859699
3.60477658496606
3.60821331023818
3.61165003551508
3.61508676079651
3.61852348608225
3.62196021137205
3.62539693666571
3.62883366196302
3.6322703872638
3.63570711256786
3.63914383787502
3.64258056318513
3.64601728849802
3.64945401381356
3.65289073913161
3.65632746445203
3.65976418977469
3.66320091509948
3.6666376404263
3.67007436575502
3.67351109108556
3.67694781641781
3.68038454175168
3.6838212670871
3.68725799242398
3.69069471776224
3.69413144310181
3.69756816844262
3.70100489378461
3.70444161912771
3.70787834447186
3.71131506981702
3.71475179516312
3.71818852051013
3.72162524585798
3.72506197120664
3.72849869655606
3.7319354219062
3.73537214725703
3.73880887260851
3.74224559796061
3.74568232331328
3.74911904866651
3.75255577402027
3.75599249937452
3.75942922472923
3.7628659500844
3.76630267543998
3.76973940079596
3.77317612615233
3.77661285150905
3.78004957686611
3.78348630222349
3.78692302758117
3.79035975293915
3.79379647829739
3.7972332036559
3.80066992901465
3.80410665437364
3.80754337973284
3.81098010509226
3.81441683045187
3.81785355581166
3.82129028117164
3.82472700653178
3.82816373189208
3.83160045725254
3.83503718261313
3.83847390797386
3.84191063333472
3.8453473586957
3.84878408405679
3.85222080941799
3.85565753477929
3.8590942601407
3.86253098550219
3.86596771086377
3.86940443622543
3.87284116158717
3.87627788694898
3.87971461231087
3.88315133767282
3.88658806303483
3.8900247883969
3.89346151375902
3.8968982391212
3.90033496448343
3.9037716898457
3.90720841520802
3.91064514057038
3.91408186593277
3.91751859129521
3.92095531665767
3.92439204202017
3.92782876738271
3.93126549274526
3.93470221810785
3.93813894347046
3.94157566883309
3.94501239419575
3.94844911955842
3.95188584492112
3.95532257028383
3.95875929564655
3.96219602100929
3.96563274637204
3.96906947173481
3.97250619709758
3.97594292246036
3.97937964782315
3.98281637318595
3.98625309854875
3.98968982391156
3.99312654927437
3.99656327463719
4
4.00343672536281
4.00687345072563
4.01031017608844
4.01374690145125
4.01718362681405
4.02062035217685
4.02405707753964
4.02749380290242
4.03093052826519
4.03436725362796
4.03780397899071
4.04124070435345
4.04467742971617
4.04811415507888
4.05155088044158
4.05498760580425
4.05842433116691
4.06186105652954
4.06529778189215
4.06873450725474
4.07217123261729
4.07560795797983
4.07904468334233
4.08248140870479
4.08591813406723
4.08935485942962
4.09279158479198
4.0962283101543
4.09966503551657
4.1031017608788
4.10653848624098
4.1099752116031
4.11341193696517
4.11684866232718
4.12028538768913
4.12372211305102
4.12715883841283
4.13059556377457
4.13403228913623
4.13746901449781
4.1409057398593
4.14434246522071
4.14777919058201
4.15121591594321
4.1546526413043
4.15808936666528
4.16152609202614
4.16496281738687
4.16839954274746
4.17183626810792
4.17527299346822
4.17870971882836
4.18214644418834
4.18558316954813
4.18901989490774
4.19245662026716
4.19589334562636
4.19933007098535
4.2027667963441
4.20620352170261
4.20964024706085
4.21307697241883
4.21651369777651
4.21995042313389
4.22338714849095
4.22682387384767
4.23026059920404
4.23369732456002
4.2371340499156
4.24057077527077
4.24400750062548
4.24744422597973
4.25088095133349
4.25431767668672
4.25775440203939
4.26119112739149
4.26462785274297
4.2680645780938
4.27150130344394
4.27493802879336
4.27837475414202
4.28181147948987
4.28524820483688
4.28868493018298
4.29212165552814
4.29555838087229
4.2989951062154
4.30243183155738
4.30586855689819
4.30930528223776
4.31274200757602
4.3161787329129
4.31961545824832
4.32305218358219
4.32648890891444
4.32992563424498
4.3333623595737
4.33679908490052
4.34023581022531
4.34367253554797
4.34710926086839
4.35054598618644
4.35398271150198
4.35741943681487
4.36085616212498
4.36429288743214
4.3677296127362
4.37116633803698
4.37460306333429
4.37803978862795
4.38147651391775
4.38491323920348
4.38834996448492
4.39178668976182
4.39522341503394
4.398660140301
4.40209686556273
4.40553359081884
4.408970316069
4.4124070413129
4.41584376655017
4.41928049178047
4.42271721700339
4.42615394221853
4.42959066742546
4.43302739262372
4.43646411781284
4.4399008429923
4.44333756816156
4.44677429332007
4.45021101846723
4.45364774360241
4.45708446872494
4.46052119383411
4.4639579189292
4.46739464400942
4.47083136907394
4.4742680941219
4.47770481915237
4.48114154416438
4.48457826915692
4.4880149941289
4.49145171907918
4.49488844400655
4.49832516890975
4.50176189378744
4.50519861863819
4.50863534346052
4.51207206825286
4.51550879301352
4.51894551774077
4.52238224243274
4.52581896708749
4.52925569170293
4.5326924162769
4.5361291408071
4.53956586529109
4.54300258972631
4.54643931411006
4.54987603843948
4.55331276271157
4.55674948692313
4.56018621107081
4.56362293515107
4.56705965916017
4.57049638309417
4.57393310694888
4.57736983071993
4.58080655440267
4.58424327799219
4.58768000148333
4.59111672487063
4.59455344814834
4.59799017131037
4.6014268943503
4.60486361726137
4.60830034003643
4.61173706266793
4.61517378514791
4.61861050746796
4.62204722961922
4.62548395159232
4.62892067337738
4.63235739496396
4.63579411634107
4.63923083749708
4.64266755841973
4.64610427909607
4.64954099951244
4.65297771965442
4.6564144395068
4.6598511590535
4.66328787827758
4.66672459716113
4.67016131568528
4.67359803383007
4.67703475157448
4.6804714688963
4.68390818577208
4.68734490217708
4.69078161808519
4.69421833346885
4.69765504829897
4.70109176254484
4.70452847617406
4.70796518915243
4.71140190144384
4.71483861301019
4.71827532381125
4.7217120338046
4.72514874294541
4.7285854511864
4.73202215847767
4.73545886476653
4.73889556999738
4.74233227411154
4.74576897704707
4.74920567873858
4.75264237911708
4.75607907810974
4.75951577563969
4.76295247162579
4.76638916598242
4.76982585861918
4.77326254944069
4.77669923834625
4.78013592522959
4.78357260997855
4.78700929247473
4.79044597259317
4.793882650202
4.79731932516201
4.80075599732627
4.80419266653971
4.80762933263866
4.81106599545036
4.81450265479248
4.81793931047256
4.82137596228749
4.82481261002288
4.82824925345243
4.83168589233732
4.83512252642546
4.8385591554508
4.8419957791325
4.84543239717418
4.84886900926299
4.85230561506874
4.85574221424292
4.85917880641771
4.86261539120486
4.8660519681946
4.86948853695441
4.87292509702782
4.87636164793301
4.87979818916144
4.88323472017637
4.88667124041127
4.89010774926821
4.89354424611608
4.89698073028877
4.90041720108323
4.90385365775739
4.90729009952804
4.91072652556852
4.91416293500633
4.91759932692055
4.92103570033921
4.9244720542364
4.92790838752932
4.93134469907511
4.93478098766752
4.93821725203339
4.94165349082895
4.94508970263588
4.94852588595721
4.95196203921292
4.95539816073537
4.9588342487644
4.96227030144224
4.96570631680807
4.96914229279232
4.97257822721061
4.97601411775741
4.97944996199933
4.98288575736799
4.98632150115255
4.98975719049182
4.99319282236593
4.99662839358749
5.00006390079232
5.00349934042966
5.00693470875181
5.01037000180319
5.01380521540884
5.01724034516224
5.02067538641245
5.02411033425059
5.0275451834955
5.03097992867869
5.03441456402832
5.03784908345246
5.04128348052132
5.04471774844846
5.04815188007107
5.05158586782909
5.05501970374316
5.05845337939137
5.06188688588473
5.06532021384128
5.06875335335872
5.07218629398559
5.07561902469079
5.07905153383147
5.08248380911908
5.08591583758358
5.08934760553566
5.09277909852686
5.09621030130747
5.0996411977821
5.10307177096282
5.10650200291967
5.1099318747284
5.11336136641541
5.11679045689952
5.12021912393064
5.1236473440249
5.12707509239633
5.13050234288464
5.13392906787909
5.13735523823805
5.14078082320423
5.14420579031508
5.14763010530834
5.15105373202226
5.15447663229044
5.15789876583068
5.16132009012779
5.16474056030992
5.16816012901797
5.17157874626784
5.17499635930506
5.17841291245133
5.18182834694266
5.18524260075844
5.18865560844124
5.19206730090643
5.19547760524151
5.19888644449417
5.20229373744876
5.20569939839039
5.20910333685599
5.21250545737164
5.21590565917543
5.21930383592507
5.22269987538925
5.22609365912216
5.22948506211998
5.23287395245847
5.23626019091061
5.23964363054326
5.24302411629155
5.2464014845099
5.24977556249847
5.25314616800345
5.25651310869005
5.25987618158654
5.26323517249782
5.26658985538682
5.2699399917222
5.27328532979014
5.27662560396873
5.27996053396263
5.28328982399596
5.28661316196128
5.28993021852217
5.29324064616699
5.29654407821128
5.29984012774594
5.30312838652847
5.30640842381416
5.30967978512408
5.31294199094658
5.31619453536882
5.31943688463464
5.32266847562497
5.32588871425683
5.32909697379653
5.33229259308294
5.33547487465597
5.33864308278564
5.34179644139661
5.34493413188294
5.34805529080754
5.35115900748075
5.35424432141186
5.35731021962757
5.36035563385071
5.36337943753276
5.36638044273292
5.36935739683668
5.37230897910633
5.3752337970556
5.37813038264053
5.38099718825812
5.38383258254446
5.3866348459634
5.38940216617681
5.39213263318742
5.39482423424456
5.39747484850354
5.40008224142876
5.40264405893094
5.40515782122849
5.40762091642326
5.41003059378071
5.41238395670484
5.41467795539844
5.41690937919905
5.41907484858197
5.42117080682171
5.42319351130384
5.42513902448027
5.42700320446137
5.4287816952398
5.43046991654186
5.43206305330381
5.43355604477213
5.43494357322883
5.43622005234494
5.43737961516806
5.43841610175265
5.43932304644515
5.44009366483969
5.44072084042427
5.44119711094221
5.44151465449883
5.44166527544901
5.44164039010802
5.44143101233511
5.44102773904716
5.44042073572848
5.43959972201243
5.43855395742068
5.43727222735754
5.43574282946878
5.43395356048771
5.4318917037054
5.42954401721731
5.42689672311455
5.42393549780542
5.42064546367091
5.41701118227685
5.41301664938521
5.40864529202754
5.40387996792457
5.39870296755711
5.39309601921503
5.38704029737189
5.38051643475365
5.37350453848924
5.36598421074883
5.35793457429168
5.34933430335873
5.34016166035495
5.33039453877225
5.3200105128043
5.30898689409938
5.29730079608485
5.28492920627638
5.27184906695569
5.25803736456018
5.24347122807687
5.22812803666887
5.21198553668557
5.19502196811566
5.17721620043562
5.1585478776837
5.13899757245157
5.11854694833202
5.09717893019261
5.07487788146289
5.051629787428
5.02742244331726
5.00224564576458
4.97609138600314
4.94895404294238
4.92083057406807
4.89172070190931
4.86162709363833
4.83055553121429
4.79851506935991
4.76551817857467
4.73158087034891
4.69672280175494
4.66096735665977
4.62434170093475
4.58687680923245
4.54860746116281
4.50957220502886
4.46981328767382
4.42937654944257
4.38831128376405
4.34667006140758
4.30450852004429
4.26188512034218
4.21886087042427
4.17549902110856
4.13186473491027
4.08802473230427
4.0440469192042
