4
3.33903264334023
2.88145305166798
2.65066569664127
2.5681082962946
2.56158389824735
2.5899694062193
2.63361955726708
2.68380546463118
2.73676482750218
2.79089666314401
2.84552336770956
2.9003588022179
2.95528225155154
3.01024280950818
3.06521901233248
3.12020181083856
3.17518738997712
3.23017414138082
3.28516138698982
3.3401488409465
3.39513638273863
3.45012396156052
3.50511155599345
3.5600991570077
3.61508676079651
3.67007436575502
3.72506197120664
3.78004957686611
3.83503718261313
3.8900247883969
3.94501239419575
4
4.05498760580425
4.1099752116031
4.16496281738687
4.21995042313389
4.27493802879336
4.32992563424498
4.38491323920348
4.4399008429923
4.49488844400655
4.54987603843948
4.60486361726137
4.6598511590535
4.71483861301019
4.76982585861918
4.82481261002288
4.87979818916144
4.93478098766752
4.98975719049182
5.04471774844846
5.0996411977821
5.15447663229044
5.20910333685599
5.26323517249782
5.31619453536882
5.36638044273292
5.41003059378071
5.43841610175265
5.4318917037054
5.34933430335873
5.11854694833202
4.66096735665977
