(-0.353627,0.0705965)
(-0.353627,0.0705965)
(-0.353627,0.0705965)
(-0.353627,0.0705965)
(-0.353627,0.0705965)
(-0.353627,0.0705965)
(-0.353627,0.0705965)
(-0.353627,0.0705965)
(-0.353627,0.0705965)
(-0.353627,0.0705965)
(-0.353627,0.0705965)
(-0.353627,0.0705965)
(-0.353627,0.0705965)
(-0.353627,0.0705965)
(-0.353627,0.0705965)
(-0.353627,0.0705965)
(-0.353627,0.0705965)
(-0.353627,0.0705965)
(-0.353627,0.0705965)
(-0.353627,0.0705965)
(-0.353627,0.0705965)
(-0.353627,0.0705965)
(-0.353627,0.0705965)
(-0.353627,0.0705965)
(-0.353627,0.0705965)
(-0.353627,0.0705965)
(-0.353627,0.0705965)
(-0.353627,0.0705965)
(-0.353627,0.0705965)
(-0.353627,0.0705965)
(-0.353627,0.0705965)
(-0.353627,0.0705965)
(-0.353627,0.0705965)
(-0.353627,0.0705965)
(-0.353627,0.0705965)
(-0.353627,0.0705965)
(-0.353627,0.0705965)
(-0.353627,0.0705965)
(-0.353627,0.0705965)
(-0.353627,0.0705965)
(-0.353627,0.0705965)
(-0.353627,0.0705965)
(-0.353627,0.0705965)
(-0.353627,0.0705965)
(-0.353627,0.0705965)
(-0.353627,0.0705965)
(-0.353627,0.0705965)
(-0.353627,0.0705965)
(-0.353406,0.0705524)
(-0.353406,0.0705524)
(-0.353406,0.0705524)
(-0.353406,0.0705524)
(-0.353406,0.0705524)
(-0.353406,0.0705524)
(-0.353406,0.0705524)
(-0.353406,0.0705524)
(-0.353406,0.0705524)
(-0.353406,0.0705524)
(-0.353406,0.0705524)
(-0.353406,0.0705524)
(-0.353406,0.0705524)
(-0.353406,0.0705524)
(-0.353406,0.0705524)
(-0.353406,0.0705524)
(-0.353406,0.0705524)
(-0.353406,0.0705524)
(-0.353406,0.0705524)
(-0.353406,0.0705524)
(-0.353406,0.0705524)
(-0.353406,0.0705524)
(-0.353406,0.0705524)
(-0.353406,0.0705524)
(-0.353406,0.0705524)
(-0.353406,0.0705524)
(-0.353406,0.0705524)
(-0.353406,0.0705524)
(-0.353406,0.0705524)
(-0.353406,0.0705524)
(-0.353406,0.0705524)
(-0.353406,0.0705524)
(-0.353406,0.0705524)
(-0.353406,0.0705524)
(-0.353406,0.0705524)
(-0.353406,0.0705524)
(-0.353406,0.0705524)
(-0.353406,0.0705524)
(-0.353406,0.0705524)
(-0.353406,0.0705524)
(-0.353406,0.0705524)
(-0.353406,0.0705524)
(-0.353406,0.0705524)
(-0.353406,0.0705524)
(-0.353406,0.0705524)
(-0.353406,0.0705524)
(-0.353406,0.0705524)
(-0.353406,0.0705524)
(-0.352744,0.0704201)
(-0.352744,0.0704201)
(-0.352744,0.0704201)
(-0.352744,0.0704201)
(-0.352744,0.0704201)
(-0.352744,0.0704201)
(-0.352744,0.0704201)
(-0.352744,0.0704201)
(-0.352744,0.0704201)
(-0.352744,0.0704201)
(-0.352744,0.0704201)
(-0.352744,0.0704201)
(-0.352744,0.0704201)
(-0.352744,0.0704201)
(-0.352744,0.0704201)
(-0.352744,0.0704201)
(-0.352744,0.0704201)
(-0.352744,0.0704201)
(-0.352744,0.0704201)
(-0.352744,0.0704201)
(-0.352744,0.0704201)
(-0.352744,0.0704201)
(-0.352744,0.0704201)
(-0.352744,0.0704201)
(-0.352744,0.0704201)
(-0.352744,0.0704201)
(-0.352744,0.0704201)
(-0.352744,0.0704201)
(-0.352744,0.0704201)
(-0.352744,0.0704201)
(-0.352744,0.0704201)
(-0.352744,0.0704201)
(-0.352744,0.0704201)
(-0.352744,0.0704201)
(-0.352744,0.0704201)
(-0.352744,0.0704201)
(-0.352744,0.0704201)
(-0.352744,0.0704201)
(-0.352744,0.0704201)
(-0.352744,0.0704201)
(-0.352744,0.0704201)
(-0.352744,0.0704201)
(-0.352744,0.0704201)
(-0.352744,0.0704201)
(-0.352744,0.0704201)
(-0.352744,0.0704201)
(-0.352744,0.0704201)
(-0.352744,0.0704201)
(-0.351641,0.0702)
(-0.351641,0.0702)
(-0.351641,0.0702)
(-0.351641,0.0702)
(-0.351641,0.0702)
(-0.351641,0.0702)
(-0.351641,0.0702)
(-0.351641,0.0702)
(-0.351641,0.0702)
(-0.351641,0.0702)
(-0.351641,0.0702)
(-0.351641,0.0702)
(-0.351641,0.0702)
(-0.351641,0.0702)
(-0.351641,0.0702)
(-0.351641,0.0702)
(-0.351641,0.0702)
(-0.351641,0.0702)
(-0.351641,0.0702)
(-0.351641,0.0702)
(-0.351641,0.0702)
(-0.351641,0.0702)
(-0.351641,0.0702)
(-0.351641,0.0702)
(-0.351641,0.0702)
(-0.351641,0.0702)
(-0.351641,0.0702)
(-0.351641,0.0702)
(-0.351641,0.0702)
(-0.351641,0.0702)
(-0.351641,0.0702)
(-0.351641,0.0702)
(-0.351641,0.0702)
(-0.351641,0.0702)
(-0.351641,0.0702)
(-0.351641,0.0702)
(-0.351641,0.0702)
(-0.351641,0.0702)
(-0.351641,0.0702)
(-0.351641,0.0702)
(-0.351641,0.0702)
(-0.351641,0.0702)
(-0.351641,0.0702)
(-0.351641,0.0702)
(-0.351641,0.0702)
(-0.351641,0.0702)
(-0.351641,0.0702)
(-0.351641,0.0702)
(-0.3501,0.0698923)
(-0.3501,0.0698923)
(-0.3501,0.0698923)
(-0.3501,0.0698923)
(-0.3501,0.0698923)
(-0.3501,0.0698923)
(-0.3501,0.0698923)
(-0.3501,0.0698923)
(-0.3501,0.0698923)
(-0.3501,0.0698923)
(-0.3501,0.0698923)
(-0.3501,0.0698923)
(-0.3501,0.0698923)
(-0.3501,0.0698923)
(-0.3501,0.0698923)
(-0.3501,0.0698923)
(-0.3501,0.0698923)
(-0.3501,0.0698923)
(-0.3501,0.0698923)
(-0.3501,0.0698923)
(-0.3501,0.0698923)
(-0.3501,0.0698923)
(-0.3501,0.0698923)
(-0.3501,0.0698923)
(-0.3501,0.0698923)
(-0.3501,0.0698923)
(-0.3501,0.0698923)
(-0.3501,0.0698923)
(-0.3501,0.0698923)
(-0.3501,0.0698923)
(-0.3501,0.0698923)
(-0.3501,0.0698923)
(-0.3501,0.0698923)
(-0.3501,0.0698923)
(-0.3501,0.0698923)
(-0.3501,0.0698923)
(-0.3501,0.0698923)
(-0.3501,0.0698923)
(-0.3501,0.0698923)
(-0.3501,0.0698923)
(-0.3501,0.0698923)
(-0.3501,0.0698923)
(-0.3501,0.0698923)
(-0.3501,0.0698923)
(-0.3501,0.0698923)
(-0.3501,0.0698923)
(-0.3501,0.0698923)
(-0.3501,0.0698923)
(-0.348123,0.0694977)
(-0.348123,0.0694977)
(-0.348123,0.0694977)
(-0.348123,0.0694977)
(-0.348123,0.0694977)
(-0.348123,0.0694977)
(-0.348123,0.0694977)
(-0.348123,0.0694977)
(-0.348123,0.0694977)
(-0.348123,0.0694977)
(-0.348123,0.0694977)
(-0.348123,0.0694977)
(-0.348123,0.0694977)
(-0.348123,0.0694977)
(-0.348123,0.0694977)
(-0.348123,0.0694977)
(-0.348123,0.0694977)
(-0.348123,0.0694977)
(-0.348123,0.0694977)
(-0.348123,0.0694977)
(-0.348123,0.0694977)
(-0.348123,0.0694977)
(-0.348123,0.0694977)
(-0.348123,0.0694977)
(-0.348123,0.0694977)
(-0.348123,0.0694977)
(-0.348123,0.0694977)
(-0.348123,0.0694977)
(-0.348123,0.0694977)
(-0.348123,0.0694977)
(-0.348123,0.0694977)
(-0.348123,0.0694977)
(-0.348123,0.0694977)
(-0.348123,0.0694977)
(-0.348123,0.0694977)
(-0.348123,0.0694977)
(-0.348123,0.0694977)
(-0.348123,0.0694977)
(-0.348123,0.0694977)
(-0.348123,0.0694977)
(-0.348123,0.0694977)
(-0.348123,0.0694977)
(-0.348123,0.0694977)
(-0.348123,0.0694977)
(-0.348123,0.0694977)
(-0.348123,0.0694977)
(-0.348123,0.0694977)
(-0.348123,0.0694977)
(-0.345715,0.069017)
(-0.345715,0.069017)
(-0.345715,0.069017)
(-0.345715,0.069017)
(-0.345715,0.069017)
(-0.345715,0.069017)
(-0.345715,0.069017)
(-0.345715,0.069017)
(-0.345715,0.069017)
(-0.345715,0.069017)
(-0.345715,0.069017)
(-0.345715,0.069017)
(-0.345715,0.069017)
(-0.345715,0.069017)
(-0.345715,0.069017)
(-0.345715,0.069017)
(-0.345715,0.069017)
(-0.345715,0.069017)
(-0.345715,0.069017)
(-0.345715,0.069017)
(-0.345715,0.069017)
(-0.345715,0.069017)
(-0.345715,0.069017)
(-0.345715,0.069017)
(-0.345715,0.069017)
(-0.345715,0.069017)
(-0.345715,0.069017)
(-0.345715,0.069017)
(-0.345715,0.069017)
(-0.345715,0.069017)
(-0.345715,0.069017)
(-0.345715,0.069017)
(-0.345715,0.069017)
(-0.345715,0.069017)
(-0.345715,0.069017)
(-0.345715,0.069017)
(-0.345715,0.069017)
(-0.345715,0.069017)
(-0.345715,0.069017)
(-0.345715,0.069017)
(-0.345715,0.069017)
(-0.345715,0.069017)
(-0.345715,0.069017)
(-0.345715,0.069017)
(-0.345715,0.069017)
(-0.345715,0.069017)
(-0.345715,0.069017)
(-0.345715,0.069017)
(-0.34288,0.068451)
(-0.34288,0.068451)
(-0.34288,0.068451)
(-0.34288,0.068451)
(-0.34288,0.068451)
(-0.34288,0.068451)
(-0.34288,0.068451)
(-0.34288,0.068451)
(-0.34288,0.068451)
(-0.34288,0.068451)
(-0.34288,0.068451)
(-0.34288,0.068451)
(-0.34288,0.068451)
(-0.34288,0.068451)
(-0.34288,0.068451)
(-0.34288,0.068451)
(-0.34288,0.068451)
(-0.34288,0.068451)
(-0.34288,0.068451)
(-0.34288,0.068451)
(-0.34288,0.068451)
(-0.34288,0.068451)
(-0.34288,0.068451)
(-0.34288,0.068451)
(-0.34288,0.068451)
(-0.34288,0.068451)
(-0.34288,0.068451)
(-0.34288,0.068451)
(-0.34288,0.068451)
(-0.34288,0.068451)
(-0.34288,0.068451)
(-0.34288,0.068451)
(-0.34288,0.068451)
(-0.34288,0.068451)
(-0.34288,0.068451)
(-0.34288,0.068451)
(-0.34288,0.068451)
(-0.34288,0.068451)
(-0.34288,0.068451)
(-0.34288,0.068451)
(-0.34288,0.068451)
(-0.34288,0.068451)
(-0.34288,0.068451)
(-0.34288,0.068451)
(-0.34288,0.068451)
(-0.34288,0.068451)
(-0.34288,0.068451)
(-0.34288,0.068451)
(-0.339623,0.0678008)
(-0.339623,0.0678008)
(-0.339623,0.0678008)
(-0.339623,0.0678008)
(-0.339623,0.0678008)
(-0.339623,0.0678008)
(-0.339623,0.0678008)
(-0.339623,0.0678008)
(-0.339623,0.0678008)
(-0.339623,0.0678008)
(-0.339623,0.0678008)
(-0.339623,0.0678008)
(-0.339623,0.0678008)
(-0.339623,0.0678008)
(-0.339623,0.0678008)
(-0.339623,0.0678008)
(-0.339623,0.0678008)
(-0.339623,0.0678008)
(-0.339623,0.0678008)
(-0.339623,0.0678008)
(-0.339623,0.0678008)
(-0.339623,0.0678008)
(-0.339623,0.0678008)
(-0.339623,0.0678008)
(-0.339623,0.0678008)
(-0.339623,0.0678008)
(-0.339623,0.0678008)
(-0.339623,0.0678008)
(-0.339623,0.0678008)
(-0.339623,0.0678008)
(-0.339623,0.0678008)
(-0.339623,0.0678008)
(-0.339623,0.0678008)
(-0.339623,0.0678008)
(-0.339623,0.0678008)
(-0.339623,0.0678008)
(-0.339623,0.0678008)
(-0.339623,0.0678008)
(-0.339623,0.0678008)
(-0.339623,0.0678008)
(-0.339623,0.0678008)
(-0.339623,0.0678008)
(-0.339623,0.0678008)
(-0.339623,0.0678008)
(-0.339623,0.0678008)
(-0.339623,0.0678008)
(-0.339623,0.0678008)
(-0.339623,0.0678008)
(-0.33595,0.0670675)
(-0.33595,0.0670675)
(-0.33595,0.0670675)
(-0.33595,0.0670675)
(-0.33595,0.0670675)
(-0.33595,0.0670675)
(-0.33595,0.0670675)
(-0.33595,0.0670675)
(-0.33595,0.0670675)
(-0.33595,0.0670675)
(-0.33595,0.0670675)
(-0.33595,0.0670675)
(-0.33595,0.0670675)
(-0.33595,0.0670675)
(-0.33595,0.0670675)
(-0.33595,0.0670675)
(-0.33595,0.0670675)
(-0.33595,0.0670675)
(-0.33595,0.0670675)
(-0.33595,0.0670675)
(-0.33595,0.0670675)
(-0.33595,0.0670675)
(-0.33595,0.0670675)
(-0.33595,0.0670675)
(-0.33595,0.0670675)
(-0.33595,0.0670675)
(-0.33595,0.0670675)
(-0.33595,0.0670675)
(-0.33595,0.0670675)
(-0.33595,0.0670675)
(-0.33595,0.0670675)
(-0.33595,0.0670675)
(-0.33595,0.0670675)
(-0.33595,0.0670675)
(-0.33595,0.0670675)
(-0.33595,0.0670675)
(-0.33595,0.0670675)
(-0.33595,0.0670675)
(-0.33595,0.0670675)
(-0.33595,0.0670675)
(-0.33595,0.0670675)
(-0.33595,0.0670675)
(-0.33595,0.0670675)
(-0.33595,0.0670675)
(-0.33595,0.0670675)
(-0.33595,0.0670675)
(-0.33595,0.0670675)
(-0.33595,0.0670675)
(-0.331868,0.0662527)
(-0.331868,0.0662527)
(-0.331868,0.0662527)
(-0.331868,0.0662527)
(-0.331868,0.0662527)
(-0.331868,0.0662527)
(-0.331868,0.0662527)
(-0.331868,0.0662527)
(-0.331868,0.0662527)
(-0.331868,0.0662527)
(-0.331868,0.0662527)
(-0.331868,0.0662527)
(-0.331868,0.0662527)
(-0.331868,0.0662527)
(-0.331868,0.0662527)
(-0.331868,0.0662527)
(-0.331868,0.0662527)
(-0.331868,0.0662527)
(-0.331868,0.0662527)
(-0.331868,0.0662527)
(-0.331868,0.0662527)
(-0.331868,0.0662527)
(-0.331868,0.0662527)
(-0.331868,0.0662527)
(-0.331868,0.0662527)
(-0.331868,0.0662527)
(-0.331868,0.0662527)
(-0.331868,0.0662527)
(-0.331868,0.0662527)
(-0.331868,0.0662527)
(-0.331868,0.0662527)
(-0.331868,0.0662527)
(-0.331868,0.0662527)
(-0.331868,0.0662527)
(-0.331868,0.0662527)
(-0.331868,0.0662527)
(-0.331868,0.0662527)
(-0.331868,0.0662527)
(-0.331868,0.0662527)
(-0.331868,0.0662527)
(-0.331868,0.0662527)
(-0.331868,0.0662527)
(-0.331868,0.0662527)
(-0.331868,0.0662527)
(-0.331868,0.0662527)
(-0.331868,0.0662527)
(-0.331868,0.0662527)
(-0.331868,0.0662527)
(-0.327386,0.0653577)
(-0.327386,0.0653577)
(-0.327386,0.0653577)
(-0.327386,0.0653577)
(-0.327386,0.0653577)
(-0.327386,0.0653577)
(-0.327386,0.0653577)
(-0.327386,0.0653577)
(-0.327386,0.0653577)
(-0.327386,0.0653577)
(-0.327386,0.0653577)
(-0.327386,0.0653577)
(-0.327386,0.0653577)
(-0.327386,0.0653577)
(-0.327386,0.0653577)
(-0.327386,0.0653577)
(-0.327386,0.0653577)
(-0.327386,0.0653577)
(-0.327386,0.0653577)
(-0.327386,0.0653577)
(-0.327386,0.0653577)
(-0.327386,0.0653577)
(-0.327386,0.0653577)
(-0.327386,0.0653577)
(-0.327386,0.0653577)
(-0.327386,0.0653577)
(-0.327386,0.0653577)
(-0.327386,0.0653577)
(-0.327386,0.0653577)
(-0.327386,0.0653577)
(-0.327386,0.0653577)
(-0.327386,0.0653577)
(-0.327386,0.0653577)
(-0.327386,0.0653577)
(-0.327386,0.0653577)
(-0.327386,0.0653577)
(-0.327386,0.0653577)
(-0.327386,0.0653577)
(-0.327386,0.0653577)
(-0.327386,0.0653577)
(-0.327386,0.0653577)
(-0.327386,0.0653577)
(-0.327386,0.0653577)
(-0.327386,0.0653577)
(-0.327386,0.0653577)
(-0.327386,0.0653577)
(-0.327386,0.0653577)
(-0.327386,0.0653577)
(-0.32251,0.0643844)
(-0.32251,0.0643843)
(-0.32251,0.0643844)
(-0.32251,0.0643843)
(-0.32251,0.0643844)
(-0.32251,0.0643843)
(-0.32251,0.0643844)
(-0.32251,0.0643843)
(-0.32251,0.0643844)
(-0.32251,0.0643843)
(-0.32251,0.0643844)
(-0.32251,0.0643843)
(-0.32251,0.0643844)
(-0.32251,0.0643843)
(-0.32251,0.0643844)
(-0.32251,0.0643843)
(-0.32251,0.0643844)
(-0.32251,0.0643843)
(-0.32251,0.0643844)
(-0.32251,0.0643843)
(-0.32251,0.0643844)
(-0.32251,0.0643843)
(-0.32251,0.0643844)
(-0.32251,0.0643843)
(-0.32251,0.0643844)
(-0.32251,0.0643843)
(-0.32251,0.0643844)
(-0.32251,0.0643843)
(-0.32251,0.0643844)
(-0.32251,0.0643843)
(-0.32251,0.0643844)
(-0.32251,0.0643843)
(-0.32251,0.0643844)
(-0.32251,0.0643843)
(-0.32251,0.0643844)
(-0.32251,0.0643843)
(-0.32251,0.0643844)
(-0.32251,0.0643843)
(-0.32251,0.0643844)
(-0.32251,0.0643843)
(-0.32251,0.0643844)
(-0.32251,0.0643843)
(-0.32251,0.0643844)
(-0.32251,0.0643843)
(-0.32251,0.0643844)
(-0.32251,0.0643843)
(-0.32251,0.0643844)
(-0.32251,0.0643843)
(-0.31725,0.0633344)
(-0.31725,0.0633343)
(-0.31725,0.0633344)
(-0.31725,0.0633343)
(-0.31725,0.0633344)
(-0.31725,0.0633343)
(-0.31725,0.0633344)
(-0.31725,0.0633343)
(-0.31725,0.0633344)
(-0.31725,0.0633343)
(-0.31725,0.0633344)
(-0.31725,0.0633343)
(-0.31725,0.0633344)
(-0.31725,0.0633343)
(-0.31725,0.0633344)
(-0.31725,0.0633343)
(-0.31725,0.0633344)
(-0.31725,0.0633343)
(-0.31725,0.0633344)
(-0.31725,0.0633343)
(-0.31725,0.0633344)
(-0.31725,0.0633343)
(-0.31725,0.0633344)
(-0.31725,0.0633343)
(-0.31725,0.0633344)
(-0.31725,0.0633343)
(-0.31725,0.0633344)
(-0.31725,0.0633343)
(-0.31725,0.0633344)
(-0.31725,0.0633343)
(-0.31725,0.0633344)
(-0.31725,0.0633343)
(-0.31725,0.0633344)
(-0.31725,0.0633343)
(-0.31725,0.0633344)
(-0.31725,0.0633343)
(-0.31725,0.0633344)
(-0.31725,0.0633343)
(-0.31725,0.0633344)
(-0.31725,0.0633343)
(-0.31725,0.0633344)
(-0.31725,0.0633343)
(-0.31725,0.0633344)
(-0.31725,0.0633343)
(-0.31725,0.0633344)
(-0.31725,0.0633343)
(-0.31725,0.0633344)
(-0.31725,0.0633343)
(-0.311617,0.06221)
(-0.311616,0.0622094)
(-0.311617,0.06221)
(-0.311616,0.0622094)
(-0.311617,0.06221)
(-0.311616,0.0622094)
(-0.311617,0.06221)
(-0.311616,0.0622094)
(-0.311617,0.06221)
(-0.311616,0.0622094)
(-0.311617,0.06221)
(-0.311616,0.0622094)
(-0.311617,0.06221)
(-0.311616,0.0622094)
(-0.311617,0.06221)
(-0.311616,0.0622094)
(-0.311617,0.06221)
(-0.311616,0.0622094)
(-0.311617,0.06221)
(-0.311616,0.0622094)
(-0.311617,0.06221)
(-0.311616,0.0622094)
(-0.311617,0.06221)
(-0.311616,0.0622094)
(-0.311617,0.06221)
(-0.311616,0.0622094)
(-0.311617,0.06221)
(-0.311616,0.0622094)
(-0.311617,0.06221)
(-0.311616,0.0622094)
(-0.311617,0.06221)
(-0.311616,0.0622094)
(-0.311617,0.06221)
(-0.311616,0.0622094)
(-0.311617,0.06221)
(-0.311616,0.0622094)
(-0.311617,0.06221)
(-0.311616,0.0622094)
(-0.311617,0.06221)
(-0.311616,0.0622094)
(-0.311617,0.06221)
(-0.311616,0.0622094)
(-0.311617,0.06221)
(-0.311616,0.0622094)
(-0.311617,0.06221)
(-0.311616,0.0622094)
(-0.311617,0.06221)
(-0.311616,0.0622094)
(-0.305621,0.0610139)
(-0.305618,0.0610111)
(-0.305621,0.0610139)
(-0.305618,0.0610111)
(-0.305621,0.0610139)
(-0.305618,0.0610111)
(-0.305621,0.0610139)
(-0.305618,0.0610111)
(-0.305621,0.0610139)
(-0.305618,0.0610111)
(-0.305621,0.0610139)
(-0.305618,0.0610111)
(-0.305621,0.0610139)
(-0.305618,0.0610111)
(-0.305621,0.0610139)
(-0.305618,0.0610111)
(-0.305621,0.0610139)
(-0.305618,0.0610111)
(-0.305621,0.0610139)
(-0.305618,0.0610111)
(-0.305621,0.0610139)
(-0.305618,0.0610111)
(-0.305621,0.0610139)
(-0.305618,0.0610111)
(-0.305621,0.0610139)
(-0.305618,0.0610111)
(-0.305621,0.0610139)
(-0.305618,0.0610111)
(-0.305621,0.0610139)
(-0.305618,0.0610111)
(-0.305621,0.0610139)
(-0.305618,0.0610111)
(-0.305621,0.0610139)
(-0.305618,0.0610111)
(-0.305621,0.0610139)
(-0.305618,0.0610111)
(-0.305621,0.0610139)
(-0.305618,0.0610111)
(-0.305621,0.0610139)
(-0.305618,0.0610111)
(-0.305621,0.0610139)
(-0.305618,0.0610111)
(-0.305621,0.0610139)
(-0.305618,0.0610111)
(-0.305621,0.0610139)
(-0.305618,0.0610111)
(-0.305621,0.0610139)
(-0.305618,0.0610111)
(-0.299275,0.0597517)
(-0.299265,0.0597382)
(-0.299275,0.0597517)
(-0.299265,0.0597382)
(-0.299275,0.0597517)
(-0.299265,0.0597382)
(-0.299275,0.0597517)
(-0.299265,0.0597382)
(-0.299275,0.0597517)
(-0.299265,0.0597382)
(-0.299275,0.0597517)
(-0.299265,0.0597382)
(-0.299275,0.0597517)
(-0.299265,0.0597382)
(-0.299275,0.0597517)
(-0.299265,0.0597382)
(-0.299275,0.0597517)
(-0.299265,0.0597382)
(-0.299275,0.0597517)
(-0.299265,0.0597382)
(-0.299275,0.0597517)
(-0.299265,0.0597382)
(-0.299275,0.0597517)
(-0.299265,0.0597382)
(-0.299275,0.0597517)
(-0.299265,0.0597382)
(-0.299275,0.0597517)
(-0.299265,0.0597382)
(-0.299275,0.0597517)
(-0.299265,0.0597382)
(-0.299275,0.0597517)
(-0.299265,0.0597382)
(-0.299275,0.0597517)
(-0.299265,0.0597382)
(-0.299275,0.0597517)
(-0.299265,0.0597382)
(-0.299275,0.0597517)
(-0.299265,0.0597382)
(-0.299275,0.0597517)
(-0.299265,0.0597382)
(-0.299275,0.0597517)
(-0.299265,0.0597382)
(-0.299275,0.0597517)
(-0.299265,0.0597382)
(-0.299275,0.0597517)
(-0.299265,0.0597382)
(-0.299275,0.0597517)
(-0.299265,0.0597382)
(-0.292602,0.0584383)
(-0.292559,0.0583807)
(-0.292602,0.0584383)
(-0.292559,0.0583807)
(-0.292602,0.0584383)
(-0.292559,0.0583807)
(-0.292602,0.0584383)
(-0.292559,0.0583807)
(-0.292602,0.0584383)
(-0.292559,0.0583807)
(-0.292602,0.0584383)
(-0.292559,0.0583807)
(-0.292602,0.0584383)
(-0.292559,0.0583807)
(-0.292602,0.0584383)
(-0.292559,0.0583807)
(-0.292602,0.0584383)
(-0.292559,0.0583807)
(-0.292602,0.0584383)
(-0.292559,0.0583807)
(-0.292602,0.0584383)
(-0.292559,0.0583807)
(-0.292602,0.0584383)
(-0.292559,0.0583807)
(-0.292602,0.0584383)
(-0.292559,0.0583807)
(-0.292602,0.0584383)
(-0.292559,0.0583807)
(-0.292602,0.0584383)
(-0.292559,0.0583807)
(-0.292602,0.0584383)
(-0.292559,0.0583807)
(-0.292602,0.0584383)
(-0.292559,0.0583807)
(-0.292602,0.0584383)
(-0.292559,0.0583807)
(-0.292602,0.0584383)
(-0.292559,0.0583807)
(-0.292602,0.0584383)
(-0.292559,0.0583807)
(-0.292602,0.0584383)
(-0.292559,0.0583807)
(-0.292602,0.0584383)
(-0.292559,0.0583807)
(-0.292602,0.0584383)
(-0.292559,0.0583807)
(-0.292602,0.0584383)
(-0.292559,0.0583807)
(-0.285649,0.0571241)
(-0.285478,0.056897)
(-0.285649,0.0571241)
(-0.285478,0.056897)
(-0.285649,0.0571241)
(-0.285478,0.056897)
(-0.285649,0.0571241)
(-0.285478,0.056897)
(-0.285649,0.0571241)
(-0.285478,0.056897)
(-0.285649,0.0571241)
(-0.285478,0.056897)
(-0.285649,0.0571241)
(-0.285478,0.056897)
(-0.285649,0.0571241)
(-0.285478,0.056897)
(-0.285649,0.0571241)
(-0.285478,0.056897)
(-0.285649,0.0571241)
(-0.285478,0.056897)
(-0.285649,0.0571241)
(-0.285478,0.056897)
(-0.285649,0.0571241)
(-0.285478,0.056897)
(-0.285649,0.0571241)
(-0.285478,0.056897)
(-0.285649,0.0571241)
(-0.285478,0.056897)
(-0.285649,0.0571241)
(-0.285478,0.056897)
(-0.285649,0.0571241)
(-0.285478,0.056897)
(-0.285649,0.0571241)
(-0.285478,0.056897)
(-0.285649,0.0571241)
(-0.285478,0.056897)
(-0.285649,0.0571241)
(-0.285478,0.056897)
(-0.285649,0.0571241)
(-0.285478,0.056897)
(-0.285649,0.0571241)
(-0.285478,0.056897)
(-0.285649,0.0571241)
(-0.285478,0.056897)
(-0.285649,0.0571241)
(-0.285478,0.056897)
(-0.285649,0.0571241)
(-0.285478,0.056897)
(-0.278559,0.0559937)
(-0.27654,0.0551631)
(-0.278559,0.0559937)
(-0.27654,0.0551631)
(-0.278559,0.0559937)
(-0.27654,0.0551631)
(-0.278559,0.0559937)
(-0.27654,0.0551631)
(-0.278559,0.0559937)
(-0.27654,0.0551631)
(-0.278559,0.0559937)
(-0.27654,0.0551631)
(-0.278559,0.0559937)
(-0.27654,0.0551631)
(-0.278559,0.0559937)
(-0.27654,0.0551631)
(-0.278559,0.0559937)
(-0.27654,0.0551631)
(-0.278559,0.0559937)
(-0.27654,0.0551631)
(-0.278559,0.0559937)
(-0.27654,0.0551631)
(-0.278559,0.0559937)
(-0.27654,0.0551631)
(-0.278559,0.0559937)
(-0.27654,0.0551631)
(-0.278559,0.0559937)
(-0.27654,0.0551631)
(-0.278559,0.0559937)
(-0.27654,0.0551631)
(-0.278559,0.0559937)
(-0.27654,0.0551631)
(-0.278559,0.0559937)
(-0.27654,0.0551631)
(-0.278559,0.0559937)
(-0.27654,0.0551631)
(-0.278559,0.0559937)
(-0.27654,0.0551631)
(-0.278559,0.0559937)
(-0.27654,0.0551631)
(-0.278559,0.0559937)
(-0.27654,0.0551631)
(-0.278559,0.0559937)
(-0.27654,0.0551631)
(-0.278559,0.0559937)
(-0.27654,0.0551631)
(-0.278559,0.0559937)
(-0.27654,0.0551631)
