(1.30454,-6.16414e-06)
(1.30454,-6.16414e-06)
(1.30454,-6.16414e-06)
(1.30454,-6.16414e-06)
(1.30454,-6.16414e-06)
(1.30454,-6.16414e-06)
(1.30454,-6.16414e-06)
(1.30454,-6.16414e-06)
(1.30454,-6.16414e-06)
(1.30454,-6.16414e-06)
(1.30454,-6.16414e-06)
(1.30454,-6.16414e-06)
(1.30454,-6.16414e-06)
(1.30454,-6.16414e-06)
(1.30454,-6.16414e-06)
(1.30454,-6.16414e-06)
(1.30454,-6.16414e-06)
(1.30454,-6.16414e-06)
(1.30454,-6.16414e-06)
(1.30454,-6.16414e-06)
(1.30454,-6.16414e-06)
(1.30454,-6.16414e-06)
(1.30454,-6.16414e-06)
(1.30454,-6.16414e-06)
(1.30454,-6.16414e-06)
(1.30454,-6.16414e-06)
(1.30454,-6.16414e-06)
(1.30454,-6.16414e-06)
(1.30454,-6.16414e-06)
(1.30454,-6.16414e-06)
(1.30454,-6.16414e-06)
(1.30454,-6.16414e-06)
(1.30454,-6.16414e-06)
(1.30454,-6.16414e-06)
(1.30454,-6.16414e-06)
(1.30454,-6.16414e-06)
(1.30454,-6.16414e-06)
(1.30454,-6.16414e-06)
(1.30454,-6.16414e-06)
(1.30454,-6.16414e-06)
(1.30454,-6.16414e-06)
(1.30454,-6.16414e-06)
(1.30454,-6.16414e-06)
(1.30454,-6.16414e-06)
(1.30454,-6.16414e-06)
(1.30454,-6.16414e-06)
(1.30454,-6.16414e-06)
(1.30454,-6.16414e-06)
(1.30434,-6.16318e-06)
(1.30434,-6.16318e-06)
(1.30434,-6.16318e-06)
(1.30434,-6.16318e-06)
(1.30434,-6.16318e-06)
(1.30434,-6.16318e-06)
(1.30434,-6.16318e-06)
(1.30434,-6.16318e-06)
(1.30434,-6.16318e-06)
(1.30434,-6.16318e-06)
(1.30434,-6.16318e-06)
(1.30434,-6.16318e-06)
(1.30434,-6.16318e-06)
(1.30434,-6.16318e-06)
(1.30434,-6.16318e-06)
(1.30434,-6.16318e-06)
(1.30434,-6.16318e-06)
(1.30434,-6.16318e-06)
(1.30434,-6.16318e-06)
(1.30434,-6.16318e-06)
(1.30434,-6.16318e-06)
(1.30434,-6.16318e-06)
(1.30434,-6.16318e-06)
(1.30434,-6.16318e-06)
(1.30434,-6.16318e-06)
(1.30434,-6.16318e-06)
(1.30434,-6.16318e-06)
(1.30434,-6.16318e-06)
(1.30434,-6.16318e-06)
(1.30434,-6.16318e-06)
(1.30434,-6.16318e-06)
(1.30434,-6.16318e-06)
(1.30434,-6.16318e-06)
(1.30434,-6.16318e-06)
(1.30434,-6.16318e-06)
(1.30434,-6.16318e-06)
(1.30434,-6.16318e-06)
(1.30434,-6.16318e-06)
(1.30434,-6.16318e-06)
(1.30434,-6.16318e-06)
(1.30434,-6.16318e-06)
(1.30434,-6.16318e-06)
(1.30434,-6.16318e-06)
(1.30434,-6.16318e-06)
(1.30434,-6.16318e-06)
(1.30434,-6.16318e-06)
(1.30434,-6.16318e-06)
(1.30434,-6.16318e-06)
(1.30372,-6.16029e-06)
(1.30372,-6.16029e-06)
(1.30372,-6.16029e-06)
(1.30372,-6.16029e-06)
(1.30372,-6.16029e-06)
(1.30372,-6.16029e-06)
(1.30372,-6.16029e-06)
(1.30372,-6.16029e-06)
(1.30372,-6.16029e-06)
(1.30372,-6.16029e-06)
(1.30372,-6.16029e-06)
(1.30372,-6.16029e-06)
(1.30372,-6.16029e-06)
(1.30372,-6.16029e-06)
(1.30372,-6.16029e-06)
(1.30372,-6.16029e-06)
(1.30372,-6.16029e-06)
(1.30372,-6.16029e-06)
(1.30372,-6.16029e-06)
(1.30372,-6.16029e-06)
(1.30372,-6.16029e-06)
(1.30372,-6.16029e-06)
(1.30372,-6.16029e-06)
(1.30372,-6.16029e-06)
(1.30372,-6.16029e-06)
(1.30372,-6.16029e-06)
(1.30372,-6.16029e-06)
(1.30372,-6.16029e-06)
(1.30372,-6.16029e-06)
(1.30372,-6.16029e-06)
(1.30372,-6.16029e-06)
(1.30372,-6.16029e-06)
(1.30372,-6.16029e-06)
(1.30372,-6.16029e-06)
(1.30372,-6.16029e-06)
(1.30372,-6.16029e-06)
(1.30372,-6.16029e-06)
(1.30372,-6.16029e-06)
(1.30372,-6.16029e-06)
(1.30372,-6.16029e-06)
(1.30372,-6.16029e-06)
(1.30372,-6.16029e-06)
(1.30372,-6.16029e-06)
(1.30372,-6.16029e-06)
(1.30372,-6.16029e-06)
(1.30372,-6.16029e-06)
(1.30372,-6.16029e-06)
(1.30372,-6.16029e-06)
(1.30271,-6.15548e-06)
(1.30271,-6.15548e-06)
(1.30271,-6.15548e-06)
(1.30271,-6.15548e-06)
(1.30271,-6.15548e-06)
(1.30271,-6.15548e-06)
(1.30271,-6.15548e-06)
(1.30271,-6.15548e-06)
(1.30271,-6.15548e-06)
(1.30271,-6.15548e-06)
(1.30271,-6.15548e-06)
(1.30271,-6.15548e-06)
(1.30271,-6.15548e-06)
(1.30271,-6.15548e-06)
(1.30271,-6.15548e-06)
(1.30271,-6.15548e-06)
(1.30271,-6.15548e-06)
(1.30271,-6.15548e-06)
(1.30271,-6.15548e-06)
(1.30271,-6.15548e-06)
(1.30271,-6.15548e-06)
(1.30271,-6.15548e-06)
(1.30271,-6.15548e-06)
(1.30271,-6.15548e-06)
(1.30271,-6.15548e-06)
(1.30271,-6.15548e-06)
(1.30271,-6.15548e-06)
(1.30271,-6.15548e-06)
(1.30271,-6.15548e-06)
(1.30271,-6.15548e-06)
(1.30271,-6.15548e-06)
(1.30271,-6.15548e-06)
(1.30271,-6.15548e-06)
(1.30271,-6.15548e-06)
(1.30271,-6.15548e-06)
(1.30271,-6.15548e-06)
(1.30271,-6.15548e-06)
(1.30271,-6.15548e-06)
(1.30271,-6.15548e-06)
(1.30271,-6.15548e-06)
(1.30271,-6.15548e-06)
(1.30271,-6.15548e-06)
(1.30271,-6.15548e-06)
(1.30271,-6.15548e-06)
(1.30271,-6.15548e-06)
(1.30271,-6.15548e-06)
(1.30271,-6.15548e-06)
(1.30271,-6.15548e-06)
(1.30128,-6.14874e-06)
(1.30128,-6.14874e-06)
(1.30128,-6.14874e-06)
(1.30128,-6.14874e-06)
(1.30128,-6.14874e-06)
(1.30128,-6.14874e-06)
(1.30128,-6.14874e-06)
(1.30128,-6.14874e-06)
(1.30128,-6.14874e-06)
(1.30128,-6.14874e-06)
(1.30128,-6.14874e-06)
(1.30128,-6.14874e-06)
(1.30128,-6.14874e-06)
(1.30128,-6.14874e-06)
(1.30128,-6.14874e-06)
(1.30128,-6.14874e-06)
(1.30128,-6.14874e-06)
(1.30128,-6.14874e-06)
(1.30128,-6.14874e-06)
(1.30128,-6.14874e-06)
(1.30128,-6.14874e-06)
(1.30128,-6.14874e-06)
(1.30128,-6.14874e-06)
(1.30128,-6.14874e-06)
(1.30128,-6.14874e-06)
(1.30128,-6.14874e-06)
(1.30128,-6.14874e-06)
(1.30128,-6.14874e-06)
(1.30128,-6.14874e-06)
(1.30128,-6.14874e-06)
(1.30128,-6.14874e-06)
(1.30128,-6.14874e-06)
(1.30128,-6.14874e-06)
(1.30128,-6.14874e-06)
(1.30128,-6.14874e-06)
(1.30128,-6.14874e-06)
(1.30128,-6.14874e-06)
(1.30128,-6.14874e-06)
(1.30128,-6.14874e-06)
(1.30128,-6.14874e-06)
(1.30128,-6.14874e-06)
(1.30128,-6.14874e-06)
(1.30128,-6.14874e-06)
(1.30128,-6.14874e-06)
(1.30128,-6.14874e-06)
(1.30128,-6.14874e-06)
(1.30128,-6.14874e-06)
(1.30128,-6.14874e-06)
(1.29945,-6.14009e-06)
(1.29945,-6.14009e-06)
(1.29945,-6.14009e-06)
(1.29945,-6.14009e-06)
(1.29945,-6.14009e-06)
(1.29945,-6.14009e-06)
(1.29945,-6.14009e-06)
(1.29945,-6.14009e-06)
(1.29945,-6.14009e-06)
(1.29945,-6.14009e-06)
(1.29945,-6.14009e-06)
(1.29945,-6.14009e-06)
(1.29945,-6.14009e-06)
(1.29945,-6.14009e-06)
(1.29945,-6.14009e-06)
(1.29945,-6.14009e-06)
(1.29945,-6.14009e-06)
(1.29945,-6.14009e-06)
(1.29945,-6.14009e-06)
(1.29945,-6.14009e-06)
(1.29945,-6.14009e-06)
(1.29945,-6.14009e-06)
(1.29945,-6.14009e-06)
(1.29945,-6.14009e-06)
(1.29945,-6.14009e-06)
(1.29945,-6.14009e-06)
(1.29945,-6.14009e-06)
(1.29945,-6.14009e-06)
(1.29945,-6.14009e-06)
(1.29945,-6.14009e-06)
(1.29945,-6.14009e-06)
(1.29945,-6.14009e-06)
(1.29945,-6.14009e-06)
(1.29945,-6.14009e-06)
(1.29945,-6.14009e-06)
(1.29945,-6.14009e-06)
(1.29945,-6.14009e-06)
(1.29945,-6.14009e-06)
(1.29945,-6.14009e-06)
(1.29945,-6.14009e-06)
(1.29945,-6.14009e-06)
(1.29945,-6.14009e-06)
(1.29945,-6.14009e-06)
(1.29945,-6.14009e-06)
(1.29945,-6.14009e-06)
(1.29945,-6.14009e-06)
(1.29945,-6.14009e-06)
(1.29945,-6.14009e-06)
(1.29721,-6.12952e-06)
(1.29721,-6.12952e-06)
(1.29721,-6.12952e-06)
(1.29721,-6.12952e-06)
(1.29721,-6.12952e-06)
(1.29721,-6.12952e-06)
(1.29721,-6.12952e-06)
(1.29721,-6.12952e-06)
(1.29721,-6.12952e-06)
(1.29721,-6.12952e-06)
(1.29721,-6.12952e-06)
(1.29721,-6.12952e-06)
(1.29721,-6.12952e-06)
(1.29721,-6.12952e-06)
(1.29721,-6.12952e-06)
(1.29721,-6.12952e-06)
(1.29721,-6.12952e-06)
(1.29721,-6.12952e-06)
(1.29721,-6.12952e-06)
(1.29721,-6.12952e-06)
(1.29721,-6.12952e-06)
(1.29721,-6.12952e-06)
(1.29721,-6.12952e-06)
(1.29721,-6.12952e-06)
(1.29721,-6.12952e-06)
(1.29721,-6.12952e-06)
(1.29721,-6.12952e-06)
(1.29721,-6.12952e-06)
(1.29721,-6.12952e-06)
(1.29721,-6.12952e-06)
(1.29721,-6.12952e-06)
(1.29721,-6.12952e-06)
(1.29721,-6.12952e-06)
(1.29721,-6.12952e-06)
(1.29721,-6.12952e-06)
(1.29721,-6.12952e-06)
(1.29721,-6.12952e-06)
(1.29721,-6.12952e-06)
(1.29721,-6.12952e-06)
(1.29721,-6.12952e-06)
(1.29721,-6.12952e-06)
(1.29721,-6.12952e-06)
(1.29721,-6.12952e-06)
(1.29721,-6.12952e-06)
(1.29721,-6.12952e-06)
(1.29721,-6.12952e-06)
(1.29721,-6.12952e-06)
(1.29721,-6.12952e-06)
(1.29457,-6.11704e-06)
(1.29457,-6.11704e-06)
(1.29457,-6.11704e-06)
(1.29457,-6.11704e-06)
(1.29457,-6.11704e-06)
(1.29457,-6.11704e-06)
(1.29457,-6.11704e-06)
(1.29457,-6.11704e-06)
(1.29457,-6.11704e-06)
(1.29457,-6.11704e-06)
(1.29457,-6.11704e-06)
(1.29457,-6.11704e-06)
(1.29457,-6.11704e-06)
(1.29457,-6.11704e-06)
(1.29457,-6.11704e-06)
(1.29457,-6.11704e-06)
(1.29457,-6.11704e-06)
(1.29457,-6.11704e-06)
(1.29457,-6.11704e-06)
(1.29457,-6.11704e-06)
(1.29457,-6.11704e-06)
(1.29457,-6.11704e-06)
(1.29457,-6.11704e-06)
(1.29457,-6.11704e-06)
(1.29457,-6.11704e-06)
(1.29457,-6.11704e-06)
(1.29457,-6.11704e-06)
(1.29457,-6.11704e-06)
(1.29457,-6.11704e-06)
(1.29457,-6.11704e-06)
(1.29457,-6.11704e-06)
(1.29457,-6.11704e-06)
(1.29457,-6.11704e-06)
(1.29457,-6.11704e-06)
(1.29457,-6.11704e-06)
(1.29457,-6.11704e-06)
(1.29457,-6.11704e-06)
(1.29457,-6.11704e-06)
(1.29457,-6.11704e-06)
(1.29457,-6.11704e-06)
(1.29457,-6.11704e-06)
(1.29457,-6.11704e-06)
(1.29457,-6.11704e-06)
(1.29457,-6.11704e-06)
(1.29457,-6.11704e-06)
(1.29457,-6.11704e-06)
(1.29457,-6.11704e-06)
(1.29457,-6.11704e-06)
(1.29153,-6.10266e-06)
(1.29153,-6.10266e-06)
(1.29153,-6.10266e-06)
(1.29153,-6.10266e-06)
(1.29153,-6.10266e-06)
(1.29153,-6.10266e-06)
(1.29153,-6.10266e-06)
(1.29153,-6.10266e-06)
(1.29153,-6.10266e-06)
(1.29153,-6.10266e-06)
(1.29153,-6.10266e-06)
(1.29153,-6.10266e-06)
(1.29153,-6.10266e-06)
(1.29153,-6.10266e-06)
(1.29153,-6.10266e-06)
(1.29153,-6.10266e-06)
(1.29153,-6.10266e-06)
(1.29153,-6.10266e-06)
(1.29153,-6.10266e-06)
(1.29153,-6.10266e-06)
(1.29153,-6.10266e-06)
(1.29153,-6.10266e-06)
(1.29153,-6.10266e-06)
(1.29153,-6.10266e-06)
(1.29153,-6.10266e-06)
(1.29153,-6.10266e-06)
(1.29153,-6.10266e-06)
(1.29153,-6.10266e-06)
(1.29153,-6.10266e-06)
(1.29153,-6.10266e-06)
(1.29153,-6.10266e-06)
(1.29153,-6.10266e-06)
(1.29153,-6.10266e-06)
(1.29153,-6.10266e-06)
(1.29153,-6.10266e-06)
(1.29153,-6.10266e-06)
(1.29153,-6.10266e-06)
(1.29153,-6.10266e-06)
(1.29153,-6.10266e-06)
(1.29153,-6.10266e-06)
(1.29153,-6.10266e-06)
(1.29153,-6.10266e-06)
(1.29153,-6.10266e-06)
(1.29153,-6.10266e-06)
(1.29153,-6.10266e-06)
(1.29153,-6.10266e-06)
(1.29153,-6.10266e-06)
(1.29153,-6.10266e-06)
(1.28808,-6.08638e-06)
(1.28808,-6.08638e-06)
(1.28808,-6.08638e-06)
(1.28808,-6.08638e-06)
(1.28808,-6.08638e-06)
(1.28808,-6.08638e-06)
(1.28808,-6.08638e-06)
(1.28808,-6.08638e-06)
(1.28808,-6.08638e-06)
(1.28808,-6.08638e-06)
(1.28808,-6.08638e-06)
(1.28808,-6.08638e-06)
(1.28808,-6.08638e-06)
(1.28808,-6.08638e-06)
(1.28808,-6.08638e-06)
(1.28808,-6.08638e-06)
(1.28808,-6.08638e-06)
(1.28808,-6.08638e-06)
(1.28808,-6.08638e-06)
(1.28808,-6.08638e-06)
(1.28808,-6.08638e-06)
(1.28808,-6.08638e-06)
(1.28808,-6.08638e-06)
(1.28808,-6.08638e-06)
(1.28808,-6.08638e-06)
(1.28808,-6.08638e-06)
(1.28808,-6.08638e-06)
(1.28808,-6.08638e-06)
(1.28808,-6.08638e-06)
(1.28808,-6.08638e-06)
(1.28808,-6.08638e-06)
(1.28808,-6.08638e-06)
(1.28808,-6.08638e-06)
(1.28808,-6.08638e-06)
(1.28808,-6.08638e-06)
(1.28808,-6.08638e-06)
(1.28808,-6.08638e-06)
(1.28808,-6.08638e-06)
(1.28808,-6.08638e-06)
(1.28808,-6.08638e-06)
(1.28808,-6.08638e-06)
(1.28808,-6.08638e-06)
(1.28808,-6.08638e-06)
(1.28808,-6.08638e-06)
(1.28808,-6.08638e-06)
(1.28808,-6.08638e-06)
(1.28808,-6.08638e-06)
(1.28808,-6.08638e-06)
(1.28424,-6.0682e-06)
(1.28424,-6.0682e-06)
(1.28424,-6.0682e-06)
(1.28424,-6.0682e-06)
(1.28424,-6.0682e-06)
(1.28424,-6.0682e-06)
(1.28424,-6.0682e-06)
(1.28424,-6.0682e-06)
(1.28424,-6.0682e-06)
(1.28424,-6.0682e-06)
(1.28424,-6.0682e-06)
(1.28424,-6.0682e-06)
(1.28424,-6.0682e-06)
(1.28424,-6.0682e-06)
(1.28424,-6.0682e-06)
(1.28424,-6.0682e-06)
(1.28424,-6.0682e-06)
(1.28424,-6.0682e-06)
(1.28424,-6.0682e-06)
(1.28424,-6.0682e-06)
(1.28424,-6.0682e-06)
(1.28424,-6.0682e-06)
(1.28424,-6.0682e-06)
(1.28424,-6.0682e-06)
(1.28424,-6.0682e-06)
(1.28424,-6.0682e-06)
(1.28424,-6.0682e-06)
(1.28424,-6.0682e-06)
(1.28424,-6.0682e-06)
(1.28424,-6.0682e-06)
(1.28424,-6.0682e-06)
(1.28424,-6.0682e-06)
(1.28424,-6.0682e-06)
(1.28424,-6.0682e-06)
(1.28424,-6.0682e-06)
(1.28424,-6.0682e-06)
(1.28424,-6.0682e-06)
(1.28424,-6.0682e-06)
(1.28424,-6.0682e-06)
(1.28424,-6.0682e-06)
(1.28424,-6.0682e-06)
(1.28424,-6.0682e-06)
(1.28424,-6.0682e-06)
(1.28424,-6.0682e-06)
(1.28424,-6.0682e-06)
(1.28424,-6.0682e-06)
(1.28424,-6.0682e-06)
(1.28424,-6.0682e-06)
(1.27999,-6.04815e-06)
(1.27999,-6.04815e-06)
(1.27999,-6.04815e-06)
(1.27999,-6.04815e-06)
(1.27999,-6.04815e-06)
(1.27999,-6.04815e-06)
(1.27999,-6.04815e-06)
(1.27999,-6.04815e-06)
(1.27999,-6.04815e-06)
(1.27999,-6.04815e-06)
(1.27999,-6.04815e-06)
(1.27999,-6.04815e-06)
(1.27999,-6.04815e-06)
(1.27999,-6.04815e-06)
(1.27999,-6.04815e-06)
(1.27999,-6.04815e-06)
(1.27999,-6.04815e-06)
(1.27999,-6.04815e-06)
(1.27999,-6.04815e-06)
(1.27999,-6.04815e-06)
(1.27999,-6.04815e-06)
(1.27999,-6.04815e-06)
(1.27999,-6.04815e-06)
(1.27999,-6.04815e-06)
(1.27999,-6.04815e-06)
(1.27999,-6.04815e-06)
(1.27999,-6.04815e-06)
(1.27999,-6.04815e-06)
(1.27999,-6.04815e-06)
(1.27999,-6.04815e-06)
(1.27999,-6.04815e-06)
(1.27999,-6.04815e-06)
(1.27999,-6.04815e-06)
(1.27999,-6.04815e-06)
(1.27999,-6.04815e-06)
(1.27999,-6.04815e-06)
(1.27999,-6.04815e-06)
(1.27999,-6.04815e-06)
(1.27999,-6.04815e-06)
(1.27999,-6.04815e-06)
(1.27999,-6.04815e-06)
(1.27999,-6.04815e-06)
(1.27999,-6.04815e-06)
(1.27999,-6.04815e-06)
(1.27999,-6.04815e-06)
(1.27999,-6.04815e-06)
(1.27999,-6.04815e-06)
(1.27999,-6.04815e-06)
(1.27535,-6.02623e-06)
(1.27535,-6.02623e-06)
(1.27535,-6.02623e-06)
(1.27535,-6.02623e-06)
(1.27535,-6.02623e-06)
(1.27535,-6.02623e-06)
(1.27535,-6.02623e-06)
(1.27535,-6.02623e-06)
(1.27535,-6.02623e-06)
(1.27535,-6.02623e-06)
(1.27535,-6.02623e-06)
(1.27535,-6.02623e-06)
(1.27535,-6.02623e-06)
(1.27535,-6.02623e-06)
(1.27535,-6.02623e-06)
(1.27535,-6.02623e-06)
(1.27535,-6.02623e-06)
(1.27535,-6.02623e-06)
(1.27535,-6.02623e-06)
(1.27535,-6.02623e-06)
(1.27535,-6.02623e-06)
(1.27535,-6.02623e-06)
(1.27535,-6.02623e-06)
(1.27535,-6.02623e-06)
(1.27535,-6.02623e-06)
(1.27535,-6.02623e-06)
(1.27535,-6.02623e-06)
(1.27535,-6.02623e-06)
(1.27535,-6.02623e-06)
(1.27535,-6.02623e-06)
(1.27535,-6.02623e-06)
(1.27535,-6.02623e-06)
(1.27535,-6.02623e-06)
(1.27535,-6.02623e-06)
(1.27535,-6.02623e-06)
(1.27535,-6.02623e-06)
(1.27535,-6.02623e-06)
(1.27535,-6.02623e-06)
(1.27535,-6.02623e-06)
(1.27535,-6.02623e-06)
(1.27535,-6.02623e-06)
(1.27535,-6.02623e-06)
(1.27535,-6.02623e-06)
(1.27535,-6.02623e-06)
(1.27535,-6.02623e-06)
(1.27535,-6.02623e-06)
(1.27535,-6.02623e-06)
(1.27535,-6.02623e-06)
(1.27032,-6.00244e-06)
(1.27032,-6.00244e-06)
(1.27032,-6.00244e-06)
(1.27032,-6.00244e-06)
(1.27032,-6.00244e-06)
(1.27032,-6.00244e-06)
(1.27032,-6.00244e-06)
(1.27032,-6.00244e-06)
(1.27032,-6.00244e-06)
(1.27032,-6.00244e-06)
(1.27032,-6.00244e-06)
(1.27032,-6.00244e-06)
(1.27032,-6.00244e-06)
(1.27032,-6.00244e-06)
(1.27032,-6.00244e-06)
(1.27032,-6.00244e-06)
(1.27032,-6.00244e-06)
(1.27032,-6.00244e-06)
(1.27032,-6.00244e-06)
(1.27032,-6.00244e-06)
(1.27032,-6.00244e-06)
(1.27032,-6.00244e-06)
(1.27032,-6.00244e-06)
(1.27032,-6.00244e-06)
(1.27032,-6.00244e-06)
(1.27032,-6.00244e-06)
(1.27032,-6.00244e-06)
(1.27032,-6.00244e-06)
(1.27032,-6.00244e-06)
(1.27032,-6.00244e-06)
(1.27032,-6.00244e-06)
(1.27032,-6.00244e-06)
(1.27032,-6.00244e-06)
(1.27032,-6.00244e-06)
(1.27032,-6.00244e-06)
(1.27032,-6.00244e-06)
(1.27032,-6.00244e-06)
(1.27032,-6.00244e-06)
(1.27032,-6.00244e-06)
(1.27032,-6.00244e-06)
(1.27032,-6.00244e-06)
(1.27032,-6.00244e-06)
(1.27032,-6.00244e-06)
(1.27032,-6.00244e-06)
(1.27032,-6.00244e-06)
(1.27032,-6.00244e-06)
(1.27032,-6.00244e-06)
(1.27032,-6.00244e-06)
(1.26489,-5.97681e-06)
(1.26489,-5.97681e-06)
(1.26489,-5.97681e-06)
(1.26489,-5.97681e-06)
(1.26489,-5.97681e-06)
(1.26489,-5.97681e-06)
(1.26489,-5.97681e-06)
(1.26489,-5.97681e-06)
(1.26489,-5.97681e-06)
(1.26489,-5.97681e-06)
(1.26489,-5.97681e-06)
(1.26489,-5.97681e-06)
(1.26489,-5.97681e-06)
(1.26489,-5.97681e-06)
(1.26489,-5.97681e-06)
(1.26489,-5.97681e-06)
(1.26489,-5.97681e-06)
(1.26489,-5.97681e-06)
(1.26489,-5.97681e-06)
(1.26489,-5.97681e-06)
(1.26489,-5.97681e-06)
(1.26489,-5.97681e-06)
(1.26489,-5.97681e-06)
(1.26489,-5.97681e-06)
(1.26489,-5.97681e-06)
(1.26489,-5.97681e-06)
(1.26489,-5.97681e-06)
(1.26489,-5.97681e-06)
(1.26489,-5.97681e-06)
(1.26489,-5.97681e-06)
(1.26489,-5.97681e-06)
(1.26489,-5.97681e-06)
(1.26489,-5.97681e-06)
(1.26489,-5.97681e-06)
(1.26489,-5.97681e-06)
(1.26489,-5.97681e-06)
(1.26489,-5.97681e-06)
(1.26489,-5.97681e-06)
(1.26489,-5.97681e-06)
(1.26489,-5.97681e-06)
(1.26489,-5.97681e-06)
(1.26489,-5.97681e-06)
(1.26489,-5.97681e-06)
(1.26489,-5.97681e-06)
(1.26489,-5.97681e-06)
(1.26489,-5.97681e-06)
(1.26489,-5.97681e-06)
(1.26489,-5.97681e-06)
(1.25908,-5.94933e-06)
(1.25908,-5.94933e-06)
(1.25908,-5.94933e-06)
(1.25908,-5.94933e-06)
(1.25908,-5.94933e-06)
(1.25908,-5.94933e-06)
(1.25908,-5.94933e-06)
(1.25908,-5.94933e-06)
(1.25908,-5.94933e-06)
(1.25908,-5.94933e-06)
(1.25908,-5.94933e-06)
(1.25908,-5.94933e-06)
(1.25908,-5.94933e-06)
(1.25908,-5.94933e-06)
(1.25908,-5.94933e-06)
(1.25908,-5.94933e-06)
(1.25908,-5.94933e-06)
(1.25908,-5.94933e-06)
(1.25908,-5.94933e-06)
(1.25908,-5.94933e-06)
(1.25908,-5.94933e-06)
(1.25908,-5.94933e-06)
(1.25908,-5.94933e-06)
(1.25908,-5.94933e-06)
(1.25908,-5.94933e-06)
(1.25908,-5.94933e-06)
(1.25908,-5.94933e-06)
(1.25908,-5.94933e-06)
(1.25908,-5.94933e-06)
(1.25908,-5.94933e-06)
(1.25908,-5.94933e-06)
(1.25908,-5.94933e-06)
(1.25908,-5.94933e-06)
(1.25908,-5.94933e-06)
(1.25908,-5.94933e-06)
(1.25908,-5.94933e-06)
(1.25908,-5.94933e-06)
(1.25908,-5.94933e-06)
(1.25908,-5.94933e-06)
(1.25908,-5.94933e-06)
(1.25908,-5.94933e-06)
(1.25908,-5.94933e-06)
(1.25908,-5.94933e-06)
(1.25908,-5.94933e-06)
(1.25908,-5.94933e-06)
(1.25908,-5.94933e-06)
(1.25908,-5.94933e-06)
(1.25908,-5.94933e-06)
(1.25288,-5.92003e-06)
(1.25288,-5.92003e-06)
(1.25288,-5.92003e-06)
(1.25288,-5.92003e-06)
(1.25288,-5.92003e-06)
(1.25288,-5.92003e-06)
(1.25288,-5.92003e-06)
(1.25288,-5.92003e-06)
(1.25288,-5.92003e-06)
(1.25288,-5.92003e-06)
(1.25288,-5.92003e-06)
(1.25288,-5.92003e-06)
(1.25288,-5.92003e-06)
(1.25288,-5.92003e-06)
(1.25288,-5.92003e-06)
(1.25288,-5.92003e-06)
(1.25288,-5.92003e-06)
(1.25288,-5.92003e-06)
(1.25288,-5.92003e-06)
(1.25288,-5.92003e-06)
(1.25288,-5.92003e-06)
(1.25288,-5.92003e-06)
(1.25288,-5.92003e-06)
(1.25288,-5.92003e-06)
(1.25288,-5.92003e-06)
(1.25288,-5.92003e-06)
(1.25288,-5.92003e-06)
(1.25288,-5.92003e-06)
(1.25288,-5.92003e-06)
(1.25288,-5.92003e-06)
(1.25288,-5.92003e-06)
(1.25288,-5.92003e-06)
(1.25288,-5.92003e-06)
(1.25288,-5.92003e-06)
(1.25288,-5.92003e-06)
(1.25288,-5.92003e-06)
(1.25288,-5.92003e-06)
(1.25288,-5.92003e-06)
(1.25288,-5.92003e-06)
(1.25288,-5.92003e-06)
(1.25288,-5.92003e-06)
(1.25288,-5.92003e-06)
(1.25288,-5.92003e-06)
(1.25288,-5.92003e-06)
(1.25288,-5.92003e-06)
(1.25288,-5.92003e-06)
(1.25288,-5.92003e-06)
(1.25288,-5.92003e-06)
(1.24629,-5.88892e-06)
(1.24629,-5.88892e-06)
(1.24629,-5.88892e-06)
(1.24629,-5.88892e-06)
(1.24629,-5.88892e-06)
(1.24629,-5.88892e-06)
(1.24629,-5.88892e-06)
(1.24629,-5.88892e-06)
(1.24629,-5.88892e-06)
(1.24629,-5.88892e-06)
(1.24629,-5.88892e-06)
(1.24629,-5.88892e-06)
(1.24629,-5.88892e-06)
(1.24629,-5.88892e-06)
(1.24629,-5.88892e-06)
(1.24629,-5.88892e-06)
(1.24629,-5.88892e-06)
(1.24629,-5.88892e-06)
(1.24629,-5.88892e-06)
(1.24629,-5.88892e-06)
(1.24629,-5.88892e-06)
(1.24629,-5.88892e-06)
(1.24629,-5.88892e-06)
(1.24629,-5.88892e-06)
(1.24629,-5.88892e-06)
(1.24629,-5.88892e-06)
(1.24629,-5.88892e-06)
(1.24629,-5.88892e-06)
(1.24629,-5.88892e-06)
(1.24629,-5.88892e-06)
(1.24629,-5.88892e-06)
(1.24629,-5.88892e-06)
(1.24629,-5.88892e-06)
(1.24629,-5.88892e-06)
(1.24629,-5.88892e-06)
(1.24629,-5.88892e-06)
(1.24629,-5.88892e-06)
(1.24629,-5.88892e-06)
(1.24629,-5.88892e-06)
(1.24629,-5.88892e-06)
(1.24629,-5.88892e-06)
(1.24629,-5.88892e-06)
(1.24629,-5.88892e-06)
(1.24629,-5.88892e-06)
(1.24629,-5.88892e-06)
(1.24629,-5.88892e-06)
(1.24629,-5.88892e-06)
(1.24629,-5.88892e-06)
(1.23933,-5.85601e-06)
(1.23933,-5.85601e-06)
(1.23933,-5.85601e-06)
(1.23933,-5.85601e-06)
(1.23933,-5.85601e-06)
(1.23933,-5.85601e-06)
(1.23933,-5.85601e-06)
(1.23933,-5.85601e-06)
(1.23933,-5.85601e-06)
(1.23933,-5.85601e-06)
(1.23933,-5.85601e-06)
(1.23933,-5.85601e-06)
(1.23933,-5.85601e-06)
(1.23933,-5.85601e-06)
(1.23933,-5.85601e-06)
(1.23933,-5.85601e-06)
(1.23933,-5.85601e-06)
(1.23933,-5.85601e-06)
(1.23933,-5.85601e-06)
(1.23933,-5.85601e-06)
(1.23933,-5.85601e-06)
(1.23933,-5.85601e-06)
(1.23933,-5.85601e-06)
(1.23933,-5.85601e-06)
(1.23933,-5.85601e-06)
(1.23933,-5.85601e-06)
(1.23933,-5.85601e-06)
(1.23933,-5.85601e-06)
(1.23933,-5.85601e-06)
(1.23933,-5.85601e-06)
(1.23933,-5.85601e-06)
(1.23933,-5.85601e-06)
(1.23933,-5.85601e-06)
(1.23933,-5.85601e-06)
(1.23933,-5.85601e-06)
(1.23933,-5.85601e-06)
(1.23933,-5.85601e-06)
(1.23933,-5.85601e-06)
(1.23933,-5.85601e-06)
(1.23933,-5.85601e-06)
(1.23933,-5.85601e-06)
(1.23933,-5.85601e-06)
(1.23933,-5.85601e-06)
(1.23933,-5.85601e-06)
(1.23933,-5.85601e-06)
(1.23933,-5.85601e-06)
(1.23933,-5.85601e-06)
(1.23933,-5.85601e-06)
(1.23199,-5.82132e-06)
(1.23199,-5.82132e-06)
(1.23199,-5.82132e-06)
(1.23199,-5.82132e-06)
(1.23199,-5.82132e-06)
(1.23199,-5.82132e-06)
(1.23199,-5.82132e-06)
(1.23199,-5.82132e-06)
(1.23199,-5.82132e-06)
(1.23199,-5.82132e-06)
(1.23199,-5.82132e-06)
(1.23199,-5.82132e-06)
(1.23199,-5.82132e-06)
(1.23199,-5.82132e-06)
(1.23199,-5.82132e-06)
(1.23199,-5.82132e-06)
(1.23199,-5.82132e-06)
(1.23199,-5.82132e-06)
(1.23199,-5.82132e-06)
(1.23199,-5.82132e-06)
(1.23199,-5.82132e-06)
(1.23199,-5.82132e-06)
(1.23199,-5.82132e-06)
(1.23199,-5.82132e-06)
(1.23199,-5.82132e-06)
(1.23199,-5.82132e-06)
(1.23199,-5.82132e-06)
(1.23199,-5.82132e-06)
(1.23199,-5.82132e-06)
(1.23199,-5.82132e-06)
(1.23199,-5.82132e-06)
(1.23199,-5.82132e-06)
(1.23199,-5.82132e-06)
(1.23199,-5.82132e-06)
(1.23199,-5.82132e-06)
(1.23199,-5.82132e-06)
(1.23199,-5.82132e-06)
(1.23199,-5.82132e-06)
(1.23199,-5.82132e-06)
(1.23199,-5.82132e-06)
(1.23199,-5.82132e-06)
(1.23199,-5.82132e-06)
(1.23199,-5.82132e-06)
(1.23199,-5.82132e-06)
(1.23199,-5.82132e-06)
(1.23199,-5.82132e-06)
(1.23199,-5.82132e-06)
(1.23199,-5.82132e-06)
(1.22427,-5.78486e-06)
(1.22427,-5.78486e-06)
(1.22427,-5.78486e-06)
(1.22427,-5.78486e-06)
(1.22427,-5.78486e-06)
(1.22427,-5.78486e-06)
(1.22427,-5.78486e-06)
(1.22427,-5.78486e-06)
(1.22427,-5.78486e-06)
(1.22427,-5.78486e-06)
(1.22427,-5.78486e-06)
(1.22427,-5.78486e-06)
(1.22427,-5.78486e-06)
(1.22427,-5.78486e-06)
(1.22427,-5.78486e-06)
(1.22427,-5.78486e-06)
(1.22427,-5.78486e-06)
(1.22427,-5.78486e-06)
(1.22427,-5.78486e-06)
(1.22427,-5.78486e-06)
(1.22427,-5.78486e-06)
(1.22427,-5.78486e-06)
(1.22427,-5.78486e-06)
(1.22427,-5.78486e-06)
(1.22427,-5.78486e-06)
(1.22427,-5.78486e-06)
(1.22427,-5.78486e-06)
(1.22427,-5.78486e-06)
(1.22427,-5.78486e-06)
(1.22427,-5.78486e-06)
(1.22427,-5.78486e-06)
(1.22427,-5.78486e-06)
(1.22427,-5.78486e-06)
(1.22427,-5.78486e-06)
(1.22427,-5.78486e-06)
(1.22427,-5.78486e-06)
(1.22427,-5.78486e-06)
(1.22427,-5.78486e-06)
(1.22427,-5.78486e-06)
(1.22427,-5.78486e-06)
(1.22427,-5.78486e-06)
(1.22427,-5.78486e-06)
(1.22427,-5.78486e-06)
(1.22427,-5.78486e-06)
(1.22427,-5.78486e-06)
(1.22427,-5.78486e-06)
(1.22427,-5.78486e-06)
(1.22427,-5.78486e-06)
(1.21619,-5.74666e-06)
(1.21619,-5.74666e-06)
(1.21619,-5.74666e-06)
(1.21619,-5.74666e-06)
(1.21619,-5.74666e-06)
(1.21619,-5.74666e-06)
(1.21619,-5.74666e-06)
(1.21619,-5.74666e-06)
(1.21619,-5.74666e-06)
(1.21619,-5.74666e-06)
(1.21619,-5.74666e-06)
(1.21619,-5.74666e-06)
(1.21619,-5.74666e-06)
(1.21619,-5.74666e-06)
(1.21619,-5.74666e-06)
(1.21619,-5.74666e-06)
(1.21619,-5.74666e-06)
(1.21619,-5.74666e-06)
(1.21619,-5.74666e-06)
(1.21619,-5.74666e-06)
(1.21619,-5.74666e-06)
(1.21619,-5.74666e-06)
(1.21619,-5.74666e-06)
(1.21619,-5.74666e-06)
(1.21619,-5.74666e-06)
(1.21619,-5.74666e-06)
(1.21619,-5.74666e-06)
(1.21619,-5.74666e-06)
(1.21619,-5.74666e-06)
(1.21619,-5.74666e-06)
(1.21619,-5.74666e-06)
(1.21619,-5.74666e-06)
(1.21619,-5.74666e-06)
(1.21619,-5.74666e-06)
(1.21619,-5.74666e-06)
(1.21619,-5.74666e-06)
(1.21619,-5.74666e-06)
(1.21619,-5.74666e-06)
(1.21619,-5.74666e-06)
(1.21619,-5.74666e-06)
(1.21619,-5.74666e-06)
(1.21619,-5.74666e-06)
(1.21619,-5.74666e-06)
(1.21619,-5.74666e-06)
(1.21619,-5.74666e-06)
(1.21619,-5.74666e-06)
(1.21619,-5.74666e-06)
(1.21619,-5.74666e-06)
(1.20773,-5.70672e-06)
(1.20773,-5.70672e-06)
(1.20773,-5.70672e-06)
(1.20773,-5.70672e-06)
(1.20773,-5.70672e-06)
(1.20773,-5.70672e-06)
(1.20773,-5.70672e-06)
(1.20773,-5.70672e-06)
(1.20773,-5.70672e-06)
(1.20773,-5.70672e-06)
(1.20773,-5.70672e-06)
(1.20773,-5.70672e-06)
(1.20773,-5.70672e-06)
(1.20773,-5.70672e-06)
(1.20773,-5.70672e-06)
(1.20773,-5.70672e-06)
(1.20773,-5.70672e-06)
(1.20773,-5.70672e-06)
(1.20773,-5.70672e-06)
(1.20773,-5.70672e-06)
(1.20773,-5.70672e-06)
(1.20773,-5.70672e-06)
(1.20773,-5.70672e-06)
(1.20773,-5.70672e-06)
(1.20773,-5.70672e-06)
(1.20773,-5.70672e-06)
(1.20773,-5.70672e-06)
(1.20773,-5.70672e-06)
(1.20773,-5.70672e-06)
(1.20773,-5.70672e-06)
(1.20773,-5.70672e-06)
(1.20773,-5.70672e-06)
(1.20773,-5.70672e-06)
(1.20773,-5.70672e-06)
(1.20773,-5.70672e-06)
(1.20773,-5.70672e-06)
(1.20773,-5.70672e-06)
(1.20773,-5.70672e-06)
(1.20773,-5.70672e-06)
(1.20773,-5.70672e-06)
(1.20773,-5.70672e-06)
(1.20773,-5.70672e-06)
(1.20773,-5.70672e-06)
(1.20773,-5.70672e-06)
(1.20773,-5.70672e-06)
(1.20773,-5.70672e-06)
(1.20773,-5.70672e-06)
(1.20773,-5.70672e-06)
(1.19892,-5.66507e-06)
(1.19892,-5.66508e-06)
(1.19892,-5.66507e-06)
(1.19892,-5.66508e-06)
(1.19892,-5.66507e-06)
(1.19892,-5.66508e-06)
(1.19892,-5.66507e-06)
(1.19892,-5.66508e-06)
(1.19892,-5.66507e-06)
(1.19892,-5.66508e-06)
(1.19892,-5.66507e-06)
(1.19892,-5.66508e-06)
(1.19892,-5.66507e-06)
(1.19892,-5.66508e-06)
(1.19892,-5.66507e-06)
(1.19892,-5.66508e-06)
(1.19892,-5.66507e-06)
(1.19892,-5.66508e-06)
(1.19892,-5.66507e-06)
(1.19892,-5.66508e-06)
(1.19892,-5.66507e-06)
(1.19892,-5.66508e-06)
(1.19892,-5.66507e-06)
(1.19892,-5.66508e-06)
(1.19892,-5.66507e-06)
(1.19892,-5.66508e-06)
(1.19892,-5.66507e-06)
(1.19892,-5.66508e-06)
(1.19892,-5.66507e-06)
(1.19892,-5.66508e-06)
(1.19892,-5.66507e-06)
(1.19892,-5.66508e-06)
(1.19892,-5.66507e-06)
(1.19892,-5.66508e-06)
(1.19892,-5.66507e-06)
(1.19892,-5.66508e-06)
(1.19892,-5.66507e-06)
(1.19892,-5.66508e-06)
(1.19892,-5.66507e-06)
(1.19892,-5.66508e-06)
(1.19892,-5.66507e-06)
(1.19892,-5.66508e-06)
(1.19892,-5.66507e-06)
(1.19892,-5.66508e-06)
(1.19892,-5.66507e-06)
(1.19892,-5.66508e-06)
(1.19892,-5.66507e-06)
(1.19892,-5.66508e-06)
(1.18975,-5.62172e-06)
(1.18975,-5.62174e-06)
(1.18975,-5.62172e-06)
(1.18975,-5.62174e-06)
(1.18975,-5.62172e-06)
(1.18975,-5.62174e-06)
(1.18975,-5.62172e-06)
(1.18975,-5.62174e-06)
(1.18975,-5.62172e-06)
(1.18975,-5.62174e-06)
(1.18975,-5.62172e-06)
(1.18975,-5.62174e-06)
(1.18975,-5.62172e-06)
(1.18975,-5.62174e-06)
(1.18975,-5.62172e-06)
(1.18975,-5.62174e-06)
(1.18975,-5.62172e-06)
(1.18975,-5.62174e-06)
(1.18975,-5.62172e-06)
(1.18975,-5.62174e-06)
(1.18975,-5.62172e-06)
(1.18975,-5.62174e-06)
(1.18975,-5.62172e-06)
(1.18975,-5.62174e-06)
(1.18975,-5.62172e-06)
(1.18975,-5.62174e-06)
(1.18975,-5.62172e-06)
(1.18975,-5.62174e-06)
(1.18975,-5.62172e-06)
(1.18975,-5.62174e-06)
(1.18975,-5.62172e-06)
(1.18975,-5.62174e-06)
(1.18975,-5.62172e-06)
(1.18975,-5.62174e-06)
(1.18975,-5.62172e-06)
(1.18975,-5.62174e-06)
(1.18975,-5.62172e-06)
(1.18975,-5.62174e-06)
(1.18975,-5.62172e-06)
(1.18975,-5.62174e-06)
(1.18975,-5.62172e-06)
(1.18975,-5.62174e-06)
(1.18975,-5.62172e-06)
(1.18975,-5.62174e-06)
(1.18975,-5.62172e-06)
(1.18975,-5.62174e-06)
(1.18975,-5.62172e-06)
(1.18975,-5.62174e-06)
(1.18022,-5.57668e-06)
(1.18022,-5.57675e-06)
(1.18022,-5.57668e-06)
(1.18022,-5.57675e-06)
(1.18022,-5.57668e-06)
(1.18022,-5.57675e-06)
(1.18022,-5.57668e-06)
(1.18022,-5.57675e-06)
(1.18022,-5.57668e-06)
(1.18022,-5.57675e-06)
(1.18022,-5.57668e-06)
(1.18022,-5.57675e-06)
(1.18022,-5.57668e-06)
(1.18022,-5.57675e-06)
(1.18022,-5.57668e-06)
(1.18022,-5.57675e-06)
(1.18022,-5.57668e-06)
(1.18022,-5.57675e-06)
(1.18022,-5.57668e-06)
(1.18022,-5.57675e-06)
(1.18022,-5.57668e-06)
(1.18022,-5.57675e-06)
(1.18022,-5.57668e-06)
(1.18022,-5.57675e-06)
(1.18022,-5.57668e-06)
(1.18022,-5.57675e-06)
(1.18022,-5.57668e-06)
(1.18022,-5.57675e-06)
(1.18022,-5.57668e-06)
(1.18022,-5.57675e-06)
(1.18022,-5.57668e-06)
(1.18022,-5.57675e-06)
(1.18022,-5.57668e-06)
(1.18022,-5.57675e-06)
(1.18022,-5.57668e-06)
(1.18022,-5.57675e-06)
(1.18022,-5.57668e-06)
(1.18022,-5.57675e-06)
(1.18022,-5.57668e-06)
(1.18022,-5.57675e-06)
(1.18022,-5.57668e-06)
(1.18022,-5.57675e-06)
(1.18022,-5.57668e-06)
(1.18022,-5.57675e-06)
(1.18022,-5.57668e-06)
(1.18022,-5.57675e-06)
(1.18022,-5.57668e-06)
(1.18022,-5.57675e-06)
(1.17034,-5.52995e-06)
(1.17034,-5.53014e-06)
(1.17034,-5.52995e-06)
(1.17034,-5.53014e-06)
(1.17034,-5.52995e-06)
(1.17034,-5.53014e-06)
(1.17034,-5.52995e-06)
(1.17034,-5.53014e-06)
(1.17034,-5.52995e-06)
(1.17034,-5.53014e-06)
(1.17034,-5.52995e-06)
(1.17034,-5.53014e-06)
(1.17034,-5.52995e-06)
(1.17034,-5.53014e-06)
(1.17034,-5.52995e-06)
(1.17034,-5.53014e-06)
(1.17034,-5.52995e-06)
(1.17034,-5.53014e-06)
(1.17034,-5.52995e-06)
(1.17034,-5.53014e-06)
(1.17034,-5.52995e-06)
(1.17034,-5.53014e-06)
(1.17034,-5.52995e-06)
(1.17034,-5.53014e-06)
(1.17034,-5.52995e-06)
(1.17034,-5.53014e-06)
(1.17034,-5.52995e-06)
(1.17034,-5.53014e-06)
(1.17034,-5.52995e-06)
(1.17034,-5.53014e-06)
(1.17034,-5.52995e-06)
(1.17034,-5.53014e-06)
(1.17034,-5.52995e-06)
(1.17034,-5.53014e-06)
(1.17034,-5.52995e-06)
(1.17034,-5.53014e-06)
(1.17034,-5.52995e-06)
(1.17034,-5.53014e-06)
(1.17034,-5.52995e-06)
(1.17034,-5.53014e-06)
(1.17034,-5.52995e-06)
(1.17034,-5.53014e-06)
(1.17034,-5.52995e-06)
(1.17034,-5.53014e-06)
(1.17034,-5.52995e-06)
(1.17034,-5.53014e-06)
(1.17034,-5.52995e-06)
(1.17034,-5.53014e-06)
(1.16012,-5.48152e-06)
(1.16012,-5.48199e-06)
(1.16012,-5.48152e-06)
(1.16012,-5.48199e-06)
(1.16012,-5.48152e-06)
(1.16012,-5.48199e-06)
(1.16012,-5.48152e-06)
(1.16012,-5.48199e-06)
(1.16012,-5.48152e-06)
(1.16012,-5.48199e-06)
(1.16012,-5.48152e-06)
(1.16012,-5.48199e-06)
(1.16012,-5.48152e-06)
(1.16012,-5.48199e-06)
(1.16012,-5.48152e-06)
(1.16012,-5.48199e-06)
(1.16012,-5.48152e-06)
(1.16012,-5.48199e-06)
(1.16012,-5.48152e-06)
(1.16012,-5.48199e-06)
(1.16012,-5.48152e-06)
(1.16012,-5.48199e-06)
(1.16012,-5.48152e-06)
(1.16012,-5.48199e-06)
(1.16012,-5.48152e-06)
(1.16012,-5.48199e-06)
(1.16012,-5.48152e-06)
(1.16012,-5.48199e-06)
(1.16012,-5.48152e-06)
(1.16012,-5.48199e-06)
(1.16012,-5.48152e-06)
(1.16012,-5.48199e-06)
(1.16012,-5.48152e-06)
(1.16012,-5.48199e-06)
(1.16012,-5.48152e-06)
(1.16012,-5.48199e-06)
(1.16012,-5.48152e-06)
(1.16012,-5.48199e-06)
(1.16012,-5.48152e-06)
(1.16012,-5.48199e-06)
(1.16012,-5.48152e-06)
(1.16012,-5.48199e-06)
(1.16012,-5.48152e-06)
(1.16012,-5.48199e-06)
(1.16012,-5.48152e-06)
(1.16012,-5.48199e-06)
(1.16012,-5.48152e-06)
(1.16012,-5.48199e-06)
(1.14956,-5.43129e-06)
(1.14956,-5.43241e-06)
(1.14956,-5.43129e-06)
(1.14956,-5.43241e-06)
(1.14956,-5.43129e-06)
(1.14956,-5.43241e-06)
(1.14956,-5.43129e-06)
(1.14956,-5.43241e-06)
(1.14956,-5.43129e-06)
(1.14956,-5.43241e-06)
(1.14956,-5.43129e-06)
(1.14956,-5.43241e-06)
(1.14956,-5.43129e-06)
(1.14956,-5.43241e-06)
(1.14956,-5.43129e-06)
(1.14956,-5.43241e-06)
(1.14956,-5.43129e-06)
(1.14956,-5.43241e-06)
(1.14956,-5.43129e-06)
(1.14956,-5.43241e-06)
(1.14956,-5.43129e-06)
(1.14956,-5.43241e-06)
(1.14956,-5.43129e-06)
(1.14956,-5.43241e-06)
(1.14956,-5.43129e-06)
(1.14956,-5.43241e-06)
(1.14956,-5.43129e-06)
(1.14956,-5.43241e-06)
(1.14956,-5.43129e-06)
(1.14956,-5.43241e-06)
(1.14956,-5.43129e-06)
(1.14956,-5.43241e-06)
(1.14956,-5.43129e-06)
(1.14956,-5.43241e-06)
(1.14956,-5.43129e-06)
(1.14956,-5.43241e-06)
(1.14956,-5.43129e-06)
(1.14956,-5.43241e-06)
(1.14956,-5.43129e-06)
(1.14956,-5.43241e-06)
(1.14956,-5.43129e-06)
(1.14956,-5.43241e-06)
(1.14956,-5.43129e-06)
(1.14956,-5.43241e-06)
(1.14956,-5.43129e-06)
(1.14956,-5.43241e-06)
(1.14956,-5.43129e-06)
(1.14956,-5.43241e-06)
(1.13867,-5.37907e-06)
(1.13866,-5.38166e-06)
(1.13867,-5.37907e-06)
(1.13866,-5.38166e-06)
(1.13867,-5.37907e-06)
(1.13866,-5.38166e-06)
(1.13867,-5.37907e-06)
(1.13866,-5.38166e-06)
(1.13867,-5.37907e-06)
(1.13866,-5.38166e-06)
(1.13867,-5.37907e-06)
(1.13866,-5.38166e-06)
(1.13867,-5.37907e-06)
(1.13866,-5.38166e-06)
(1.13867,-5.37907e-06)
(1.13866,-5.38166e-06)
(1.13867,-5.37907e-06)
(1.13866,-5.38166e-06)
(1.13867,-5.37907e-06)
(1.13866,-5.38166e-06)
(1.13867,-5.37907e-06)
(1.13866,-5.38166e-06)
(1.13867,-5.37907e-06)
(1.13866,-5.38166e-06)
(1.13867,-5.37907e-06)
(1.13866,-5.38166e-06)
(1.13867,-5.37907e-06)
(1.13866,-5.38166e-06)
(1.13867,-5.37907e-06)
(1.13866,-5.38166e-06)
(1.13867,-5.37907e-06)
(1.13866,-5.38166e-06)
(1.13867,-5.37907e-06)
(1.13866,-5.38166e-06)
(1.13867,-5.37907e-06)
(1.13866,-5.38166e-06)
(1.13867,-5.37907e-06)
(1.13866,-5.38166e-06)
(1.13867,-5.37907e-06)
(1.13866,-5.38166e-06)
(1.13867,-5.37907e-06)
(1.13866,-5.38166e-06)
(1.13867,-5.37907e-06)
(1.13866,-5.38166e-06)
(1.13867,-5.37907e-06)
(1.13866,-5.38166e-06)
(1.13867,-5.37907e-06)
(1.13866,-5.38166e-06)
(1.12744,-5.32439e-06)
(1.12744,-5.33024e-06)
(1.12744,-5.32439e-06)
(1.12744,-5.33024e-06)
(1.12744,-5.32439e-06)
(1.12744,-5.33024e-06)
(1.12744,-5.32439e-06)
(1.12744,-5.33024e-06)
(1.12744,-5.32439e-06)
(1.12744,-5.33024e-06)
(1.12744,-5.32439e-06)
(1.12744,-5.33024e-06)
(1.12744,-5.32439e-06)
(1.12744,-5.33024e-06)
(1.12744,-5.32439e-06)
(1.12744,-5.33024e-06)
(1.12744,-5.32439e-06)
(1.12744,-5.33024e-06)
(1.12744,-5.32439e-06)
(1.12744,-5.33024e-06)
(1.12744,-5.32439e-06)
(1.12744,-5.33024e-06)
(1.12744,-5.32439e-06)
(1.12744,-5.33024e-06)
(1.12744,-5.32439e-06)
(1.12744,-5.33024e-06)
(1.12744,-5.32439e-06)
(1.12744,-5.33024e-06)
(1.12744,-5.32439e-06)
(1.12744,-5.33024e-06)
(1.12744,-5.32439e-06)
(1.12744,-5.33024e-06)
(1.12744,-5.32439e-06)
(1.12744,-5.33024e-06)
(1.12744,-5.32439e-06)
(1.12744,-5.33024e-06)
(1.12744,-5.32439e-06)
(1.12744,-5.33024e-06)
(1.12744,-5.32439e-06)
(1.12744,-5.33024e-06)
(1.12744,-5.32439e-06)
(1.12744,-5.33024e-06)
(1.12744,-5.32439e-06)
(1.12744,-5.33024e-06)
(1.12744,-5.32439e-06)
(1.12744,-5.33024e-06)
(1.12744,-5.32439e-06)
(1.12744,-5.33024e-06)
(1.11589,-5.26631e-06)
(1.11588,-5.27914e-06)
(1.11589,-5.26631e-06)
(1.11588,-5.27914e-06)
(1.11589,-5.26631e-06)
(1.11588,-5.27914e-06)
(1.11589,-5.26631e-06)
(1.11588,-5.27914e-06)
(1.11589,-5.26631e-06)
(1.11588,-5.27914e-06)
(1.11589,-5.26631e-06)
(1.11588,-5.27914e-06)
(1.11589,-5.26631e-06)
(1.11588,-5.27914e-06)
(1.11589,-5.26631e-06)
(1.11588,-5.27914e-06)
(1.11589,-5.26631e-06)
(1.11588,-5.27914e-06)
(1.11589,-5.26631e-06)
(1.11588,-5.27914e-06)
(1.11589,-5.26631e-06)
(1.11588,-5.27914e-06)
(1.11589,-5.26631e-06)
(1.11588,-5.27914e-06)
(1.11589,-5.26631e-06)
(1.11588,-5.27914e-06)
(1.11589,-5.26631e-06)
(1.11588,-5.27914e-06)
(1.11589,-5.26631e-06)
(1.11588,-5.27914e-06)
(1.11589,-5.26631e-06)
(1.11588,-5.27914e-06)
(1.11589,-5.26631e-06)
(1.11588,-5.27914e-06)
(1.11589,-5.26631e-06)
(1.11588,-5.27914e-06)
(1.11589,-5.26631e-06)
(1.11588,-5.27914e-06)
(1.11589,-5.26631e-06)
(1.11588,-5.27914e-06)
(1.11589,-5.26631e-06)
(1.11588,-5.27914e-06)
(1.11589,-5.26631e-06)
(1.11588,-5.27914e-06)
(1.11589,-5.26631e-06)
(1.11588,-5.27914e-06)
(1.11589,-5.26631e-06)
(1.11588,-5.27914e-06)
(1.10402,-5.20288e-06)
(1.10401,-5.23037e-06)
(1.10402,-5.20288e-06)
(1.10401,-5.23037e-06)
(1.10402,-5.20288e-06)
(1.10401,-5.23037e-06)
(1.10402,-5.20288e-06)
(1.10401,-5.23037e-06)
(1.10402,-5.20288e-06)
(1.10401,-5.23037e-06)
(1.10402,-5.20288e-06)
(1.10401,-5.23037e-06)
(1.10402,-5.20288e-06)
(1.10401,-5.23037e-06)
(1.10402,-5.20288e-06)
(1.10401,-5.23037e-06)
(1.10402,-5.20288e-06)
(1.10401,-5.23037e-06)
(1.10402,-5.20288e-06)
(1.10401,-5.23037e-06)
(1.10402,-5.20288e-06)
(1.10401,-5.23037e-06)
(1.10402,-5.20288e-06)
(1.10401,-5.23037e-06)
(1.10402,-5.20288e-06)
(1.10401,-5.23037e-06)
(1.10402,-5.20288e-06)
(1.10401,-5.23037e-06)
(1.10402,-5.20288e-06)
(1.10401,-5.23037e-06)
(1.10402,-5.20288e-06)
(1.10401,-5.23037e-06)
(1.10402,-5.20288e-06)
(1.10401,-5.23037e-06)
(1.10402,-5.20288e-06)
(1.10401,-5.23037e-06)
(1.10402,-5.20288e-06)
(1.10401,-5.23037e-06)
(1.10402,-5.20288e-06)
(1.10401,-5.23037e-06)
(1.10402,-5.20288e-06)
(1.10401,-5.23037e-06)
(1.10402,-5.20288e-06)
(1.10401,-5.23037e-06)
(1.10402,-5.20288e-06)
(1.10401,-5.23037e-06)
(1.10402,-5.20288e-06)
(1.10401,-5.23037e-06)
(1.09184,-5.13024e-06)
(1.09182,-5.18774e-06)
(1.09184,-5.13024e-06)
(1.09182,-5.18774e-06)
(1.09184,-5.13024e-06)
(1.09182,-5.18774e-06)
(1.09184,-5.13024e-06)
(1.09182,-5.18774e-06)
(1.09184,-5.13024e-06)
(1.09182,-5.18774e-06)
(1.09184,-5.13024e-06)
(1.09182,-5.18774e-06)
(1.09184,-5.13024e-06)
(1.09182,-5.18774e-06)
(1.09184,-5.13024e-06)
(1.09182,-5.18774e-06)
(1.09184,-5.13024e-06)
(1.09182,-5.18774e-06)
(1.09184,-5.13024e-06)
(1.09182,-5.18774e-06)
(1.09184,-5.13024e-06)
(1.09182,-5.18774e-06)
(1.09184,-5.13024e-06)
(1.09182,-5.18774e-06)
(1.09184,-5.13024e-06)
(1.09182,-5.18774e-06)
(1.09184,-5.13024e-06)
(1.09182,-5.18774e-06)
(1.09184,-5.13024e-06)
(1.09182,-5.18774e-06)
(1.09184,-5.13024e-06)
(1.09182,-5.18774e-06)
(1.09184,-5.13024e-06)
(1.09182,-5.18774e-06)
(1.09184,-5.13024e-06)
(1.09182,-5.18774e-06)
(1.09184,-5.13024e-06)
(1.09182,-5.18774e-06)
(1.09184,-5.13024e-06)
(1.09182,-5.18774e-06)
(1.09184,-5.13024e-06)
(1.09182,-5.18774e-06)
(1.09184,-5.13024e-06)
(1.09182,-5.18774e-06)
(1.09184,-5.13024e-06)
(1.09182,-5.18774e-06)
(1.09184,-5.13024e-06)
(1.09182,-5.18774e-06)
(1.07936,-5.04089e-06)
(1.07931,-5.15858e-06)
(1.07936,-5.04089e-06)
(1.07931,-5.15858e-06)
(1.07936,-5.04089e-06)
(1.07931,-5.15858e-06)
(1.07936,-5.04089e-06)
(1.07931,-5.15858e-06)
(1.07936,-5.04089e-06)
(1.07931,-5.15858e-06)
(1.07936,-5.04089e-06)
(1.07931,-5.15858e-06)
(1.07936,-5.04089e-06)
(1.07931,-5.15858e-06)
(1.07936,-5.04089e-06)
(1.07931,-5.15858e-06)
(1.07936,-5.04089e-06)
(1.07931,-5.15858e-06)
(1.07936,-5.04089e-06)
(1.07931,-5.15858e-06)
(1.07936,-5.04089e-06)
(1.07931,-5.15858e-06)
(1.07936,-5.04089e-06)
(1.07931,-5.15858e-06)
(1.07936,-5.04089e-06)
(1.07931,-5.15858e-06)
(1.07936,-5.04089e-06)
(1.07931,-5.15858e-06)
(1.07936,-5.04089e-06)
(1.07931,-5.15858e-06)
(1.07936,-5.04089e-06)
(1.07931,-5.15858e-06)
(1.07936,-5.04089e-06)
(1.07931,-5.15858e-06)
(1.07936,-5.04089e-06)
(1.07931,-5.15858e-06)
(1.07936,-5.04089e-06)
(1.07931,-5.15858e-06)
(1.07936,-5.04089e-06)
(1.07931,-5.15858e-06)
(1.07936,-5.04089e-06)
(1.07931,-5.15858e-06)
(1.07936,-5.04089e-06)
(1.07931,-5.15858e-06)
(1.07936,-5.04089e-06)
(1.07931,-5.15858e-06)
(1.07936,-5.04089e-06)
(1.07931,-5.15858e-06)
(1.06659,-4.92044e-06)
(1.0665,-5.15634e-06)
(1.06659,-4.92044e-06)
(1.0665,-5.15634e-06)
(1.06659,-4.92044e-06)
(1.0665,-5.15634e-06)
(1.06659,-4.92044e-06)
(1.0665,-5.15634e-06)
(1.06659,-4.92044e-06)
(1.0665,-5.15634e-06)
(1.06659,-4.92044e-06)
(1.0665,-5.15634e-06)
(1.06659,-4.92044e-06)
(1.0665,-5.15634e-06)
(1.06659,-4.92044e-06)
(1.0665,-5.15634e-06)
(1.06659,-4.92044e-06)
(1.0665,-5.15634e-06)
(1.06659,-4.92044e-06)
(1.0665,-5.15634e-06)
(1.06659,-4.92044e-06)
(1.0665,-5.15634e-06)
(1.06659,-4.92044e-06)
(1.0665,-5.15634e-06)
(1.06659,-4.92044e-06)
(1.0665,-5.15634e-06)
(1.06659,-4.92044e-06)
(1.0665,-5.15634e-06)
(1.06659,-4.92044e-06)
(1.0665,-5.15634e-06)
(1.06659,-4.92044e-06)
(1.0665,-5.15634e-06)
(1.06659,-4.92044e-06)
(1.0665,-5.15634e-06)
(1.06659,-4.92044e-06)
(1.0665,-5.15634e-06)
(1.06659,-4.92044e-06)
(1.0665,-5.15634e-06)
(1.06659,-4.92044e-06)
(1.0665,-5.15634e-06)
(1.06659,-4.92044e-06)
(1.0665,-5.15634e-06)
(1.06659,-4.92044e-06)
(1.0665,-5.15634e-06)
(1.06659,-4.92044e-06)
(1.0665,-5.15634e-06)
(1.06659,-4.92044e-06)
(1.0665,-5.15634e-06)
(1.05354,-4.74123e-06)
(1.05336,-5.2051e-06)
(1.05354,-4.74123e-06)
(1.05336,-5.2051e-06)
(1.05354,-4.74123e-06)
(1.05336,-5.2051e-06)
(1.05354,-4.74123e-06)
(1.05336,-5.2051e-06)
(1.05354,-4.74123e-06)
(1.05336,-5.2051e-06)
(1.05354,-4.74123e-06)
(1.05336,-5.2051e-06)
(1.05354,-4.74123e-06)
(1.05336,-5.2051e-06)
(1.05354,-4.74123e-06)
(1.05336,-5.2051e-06)
(1.05354,-4.74123e-06)
(1.05336,-5.2051e-06)
(1.05354,-4.74123e-06)
(1.05336,-5.2051e-06)
(1.05354,-4.74123e-06)
(1.05336,-5.2051e-06)
(1.05354,-4.74123e-06)
(1.05336,-5.2051e-06)
(1.05354,-4.74123e-06)
(1.05336,-5.2051e-06)
(1.05354,-4.74123e-06)
(1.05336,-5.2051e-06)
(1.05354,-4.74123e-06)
(1.05336,-5.2051e-06)
(1.05354,-4.74123e-06)
(1.05336,-5.2051e-06)
(1.05354,-4.74123e-06)
(1.05336,-5.2051e-06)
(1.05354,-4.74123e-06)
(1.05336,-5.2051e-06)
(1.05354,-4.74123e-06)
(1.05336,-5.2051e-06)
(1.05354,-4.74123e-06)
(1.05336,-5.2051e-06)
(1.05354,-4.74123e-06)
(1.05336,-5.2051e-06)
(1.05354,-4.74123e-06)
(1.05336,-5.2051e-06)
(1.05354,-4.74123e-06)
(1.05336,-5.2051e-06)
(1.05354,-4.74123e-06)
(1.05336,-5.2051e-06)
(1.04024,-4.44922e-06)
(1.0399,-5.34581e-06)
(1.04024,-4.44922e-06)
(1.0399,-5.34581e-06)
(1.04024,-4.44922e-06)
(1.0399,-5.34581e-06)
(1.04024,-4.44922e-06)
(1.0399,-5.34581e-06)
(1.04024,-4.44922e-06)
(1.0399,-5.34581e-06)
(1.04024,-4.44922e-06)
(1.0399,-5.34581e-06)
(1.04024,-4.44922e-06)
(1.0399,-5.34581e-06)
(1.04024,-4.44922e-06)
(1.0399,-5.34581e-06)
(1.04024,-4.44922e-06)
(1.0399,-5.34581e-06)
(1.04024,-4.44922e-06)
(1.0399,-5.34581e-06)
(1.04024,-4.44922e-06)
(1.0399,-5.34581e-06)
(1.04024,-4.44922e-06)
(1.0399,-5.34581e-06)
(1.04024,-4.44922e-06)
(1.0399,-5.34581e-06)
(1.04024,-4.44922e-06)
(1.0399,-5.34581e-06)
(1.04024,-4.44922e-06)
(1.0399,-5.34581e-06)
(1.04024,-4.44922e-06)
(1.0399,-5.34581e-06)
(1.04024,-4.44922e-06)
(1.0399,-5.34581e-06)
(1.04024,-4.44922e-06)
(1.0399,-5.34581e-06)
(1.04024,-4.44922e-06)
(1.0399,-5.34581e-06)
(1.04024,-4.44922e-06)
(1.0399,-5.34581e-06)
(1.04024,-4.44922e-06)
(1.0399,-5.34581e-06)
(1.04024,-4.44922e-06)
(1.0399,-5.34581e-06)
(1.04024,-4.44922e-06)
(1.0399,-5.34581e-06)
(1.04024,-4.44922e-06)
(1.0399,-5.34581e-06)
(1.02675,-3.93232e-06)
(1.02609,-5.64368e-06)
(1.02675,-3.93232e-06)
(1.02609,-5.64368e-06)
(1.02675,-3.93232e-06)
(1.02609,-5.64368e-06)
(1.02675,-3.93232e-06)
(1.02609,-5.64368e-06)
(1.02675,-3.93232e-06)
(1.02609,-5.64368e-06)
(1.02675,-3.93232e-06)
(1.02609,-5.64368e-06)
(1.02675,-3.93232e-06)
(1.02609,-5.64368e-06)
(1.02675,-3.93232e-06)
(1.02609,-5.64368e-06)
(1.02675,-3.93232e-06)
(1.02609,-5.64368e-06)
(1.02675,-3.93232e-06)
(1.02609,-5.64368e-06)
(1.02675,-3.93232e-06)
(1.02609,-5.64368e-06)
(1.02675,-3.93232e-06)
(1.02609,-5.64368e-06)
(1.02675,-3.93232e-06)
(1.02609,-5.64368e-06)
(1.02675,-3.93232e-06)
(1.02609,-5.64368e-06)
(1.02675,-3.93232e-06)
(1.02609,-5.64368e-06)
(1.02675,-3.93232e-06)
(1.02609,-5.64368e-06)
(1.02675,-3.93232e-06)
(1.02609,-5.64368e-06)
(1.02675,-3.93232e-06)
(1.02609,-5.64368e-06)
(1.02675,-3.93232e-06)
(1.02609,-5.64368e-06)
(1.02675,-3.93232e-06)
(1.02609,-5.64368e-06)
(1.02675,-3.93232e-06)
(1.02609,-5.64368e-06)
(1.02675,-3.93232e-06)
(1.02609,-5.64368e-06)
(1.02675,-3.93232e-06)
(1.02609,-5.64368e-06)
(1.02675,-3.93232e-06)
(1.02609,-5.64368e-06)
(1.01316,-2.91819e-06)
(1.01191,-6.19278e-06)
(1.01316,-2.91819e-06)
(1.01191,-6.19278e-06)
(1.01316,-2.91819e-06)
(1.01191,-6.19278e-06)
(1.01316,-2.91819e-06)
(1.01191,-6.19278e-06)
(1.01316,-2.91819e-06)
(1.01191,-6.19278e-06)
(1.01316,-2.91819e-06)
(1.01191,-6.19278e-06)
(1.01316,-2.91819e-06)
(1.01191,-6.19278e-06)
(1.01316,-2.91819e-06)
(1.01191,-6.19278e-06)
(1.01316,-2.91819e-06)
(1.01191,-6.19278e-06)
(1.01316,-2.91819e-06)
(1.01191,-6.19278e-06)
(1.01316,-2.91819e-06)
(1.01191,-6.19278e-06)
(1.01316,-2.91819e-06)
(1.01191,-6.19278e-06)
(1.01316,-2.91819e-06)
(1.01191,-6.19278e-06)
(1.01316,-2.91819e-06)
(1.01191,-6.19278e-06)
(1.01316,-2.91819e-06)
(1.01191,-6.19278e-06)
(1.01316,-2.91819e-06)
(1.01191,-6.19278e-06)
(1.01316,-2.91819e-06)
(1.01191,-6.19278e-06)
(1.01316,-2.91819e-06)
(1.01191,-6.19278e-06)
(1.01316,-2.91819e-06)
(1.01191,-6.19278e-06)
(1.01316,-2.91819e-06)
(1.01191,-6.19278e-06)
(1.01316,-2.91819e-06)
(1.01191,-6.19278e-06)
(1.01316,-2.91819e-06)
(1.01191,-6.19278e-06)
(1.01316,-2.91819e-06)
(1.01191,-6.19278e-06)
(1.01316,-2.91819e-06)
(1.01191,-6.19278e-06)
