0
0
0
0
0
0
0
0
0
0
0
0
0
0
0
0
0
0
0
0
0
0
0
0
0
0
0
0
0
0
0
0
0
0
0
0
0
0
0
0
0
0
0
0
0.992579
0.996132
0.999058
0.999958
0.968179
0.976032
0.984756
0.990189
0.927174
0.939095
0.953465
0.963437
0.870262
0.885939
0.905702
0.920152
0.798412
0.817449
0.842254
0.861065
0.712841
0.734753
0.764155
0.787171
0.614996
0.639191
0.67265
0.699703
0.506516
0.532261
0.569131
0.600096
0.389191
0.415509
0.454991
0.489919
0.264873
0.290237
0.33118
0.37066
0.135219
0.156267
0.195848
0.242518
0
0
0
0
0
0
0
0
0
0
0
0
0
0
0
0
0
0
0
0
0
0
0
0
0
0
0
0
0
0
0
0
0
0
0
0
0
0
0
0
0.992678
0.996469
0.999373
0.999998
0.971303
0.979386
0.98807
0.993197
0.936332
0.948542
0.962933
0.972616
0.888625
0.904769
0.92476
0.939041
0.829489
0.849362
0.87485
0.893792
0.760771
0.784193
0.815147
0.838909
0.685068
0.711967
0.748575
0.777564
0.606222
0.636813
0.679822
0.715059
0.530541
0.565822
0.617469
0.661601
0.470377
0.513707
0.580838
0.641597
0.456911
0.520665
0.628015
0.731506
0.598518
0.733434
0.931747
0.999759
0
0
0
0
0
0
0
0
0
0
0
0
0
0
0
0
0
0
0
0
0
0
0
0
0
0
0
0
0
0
0
0
0
0
0
0
0
0
0
0
0.992796
0.996853
0.999667
0.999882
0.974842
0.98308
0.991514
0.996081
0.946521
0.958842
0.972882
0.981879
0.908848
0.925161
0.944808
0.958332
0.86343
0.883686
0.90901
0.927217
0.812651
0.836902
0.868131
0.891321
0.760028
0.78855
0.826256
0.85502
0.710959
0.744497
0.789951
0.825454
0.674311
0.714587
0.770467
0.814908
0.665877
0.71659
0.787939
0.844409
0.71468
0.781804
0.872058
0.934765
0.856199
0.929249
0.991779
0.997063
0
0
0
0
0
0
0
0
0
0
0
0
0
0
0
0
0
0
0
0
0
0
0
0
0
0
0
0
0
0
0
0
0
0
0
0
0
0
0
0
0.99294
0.997293
0.999901
0.999498
0.978852
0.987102
0.994926
0.998528
0.957761
0.969858
0.982907
0.990571
0.930751
0.946668
0.964973
0.976772
0.899555
0.919312
0.942963
0.959
0.866723
0.890433
0.919626
0.940061
0.835917
0.863849
0.89894
0.923991
0.812368
0.845018
0.886531
0.91637
0.803478
0.84153
0.889839
0.924029
0.818945
0.862635
0.916274
0.951653
0.867418
0.913566
0.963574
0.989069
0.941368
0.976404
0.999114
0.995509
0
0
0
0
0
0
0
0
0
0
0
0
0
0
0
0
0
0
0
0
0
0
0
0
0
0
0
0
0
0
0
0
0
0
0
0
0
0
0
0
0.993117
0.997797
1
0.998645
0.983372
0.991359
0.997957
0.999932
0.969897
0.98116
0.992126
0.997413
0.953655
0.968159
0.983444
0.991994
0.936127
0.953835
0.973361
0.98507
0.91936
0.940227
0.963849
0.978512
0.905995
0.92993
0.957346
0.974543
0.899197
0.925949
0.956469
0.975322
0.902254
0.931133
0.96319
0.981911
0.917422
0.946725
0.977036
0.992337
0.943538
0.969785
0.992675
0.999754
0.973289
0.991276
0.999999
0.994612
0
0
0
0
0
0
0
0
0
0
0
0
0
0
0
0
0
0
0
0
0
0
0
0
0
0
0
0
0
0
0
0
0
0
0
0
0
0
0
0
0.993341
0.99837
0.999809
0.996943
0.988377
0.995572
0.999857
0.9991
0.982366
0.991683
0.998712
0.999953
0.975853
0.987195
0.996785
0.999836
0.969583
0.982787
0.994649
0.999225
0.964445
0.979262
0.99296
0.998643
0.96137
0.977424
0.992322
0.998519
0.961158
0.977895
0.993093
0.998997
0.964238
0.980875
0.995164
0.999752
0.970393
0.9859
0.9978
0.999919
0.97858
0.991763
0.999732
0.998319
0.987072
0.996812
0.999625
0.994035
0
0
0
0
0
0
0
0
0
0
0
0
0
0
0
0
0
0
0
0
0
0
0
0
0
0
0
0
0
0
0
0
0
0
0
0
0
0
0
0
0.993635
0.999
0.999
0.993635
0.993635
0.999
0.999
0.993635
0.993635
0.999
0.999
0.993635
0.993635
0.999
0.999
0.993635
0.993635
0.999
0.999
0.993635
0.993635
0.999
0.999
0.993635
0.993635
0.999
0.999
0.993635
0.993635
0.999
0.999
0.993635
0.993635
0.999
0.999
0.993635
0.993635
0.999
0.999
0.993635
0.993635
0.999
0.999
0.993635
0.993635
0.999
0.999
0.993635
0
0
0
0
0
0
0
0
0
0
0
0
0
0
0
0
0
0
0
0
0
0
0
0
0
0
0
0
0
0
0
0
0
0
0
0
0
0
0
0
0.994035
0.999625
0.996812
0.987072
0.998319
0.999732
0.991763
0.97858
0.999919
0.9978
0.9859
0.970393
0.999752
0.995164
0.980875
0.964238
0.998997
0.993093
0.977895
0.961158
0.998519
0.992322
0.977424
0.96137
0.998643
0.99296
0.979262
0.964445
0.999225
0.994649
0.982787
0.969583
0.999836
0.996785
0.987195
0.975853
0.999953
0.998712
0.991683
0.982366
0.9991
0.999857
0.995572
0.988377
0.996943
0.999809
0.99837
0.993341
0
0
0
0
0
0
0
0
0
0
0
0
0
0
0
0
0
0
0
0
0
0
0
0
0
0
0
0
0
0
0
0
0
0
0
0
0
0
0
0
0.994612
0.999999
0.991276
0.973289
0.999754
0.992675
0.969785
0.943538
0.992337
0.977036
0.946725
0.917422
0.981911
0.96319
0.931133
0.902254
0.975322
0.956469
0.925949
0.899197
0.974543
0.957346
0.92993
0.905995
0.978512
0.963849
0.940227
0.91936
0.98507
0.973361
0.953835
0.936127
0.991994
0.983444
0.968159
0.953655
0.997413
0.992126
0.98116
0.969897
0.999932
0.997957
0.991359
0.983372
0.998645
1
0.997797
0.993117
0
0
0
0
0
0
0
0
0
0
0
0
0
0
0
0
0
0
0
0
0
0
0
0
0
0
0
0
0
0
0
0
0
0
0
0
0
0
0
0
0.995509
0.999114
0.976404
0.941368
0.989069
0.963574
0.913566
0.867418
0.951653
0.916274
0.862635
0.818945
0.924029
0.889839
0.84153
0.803478
0.91637
0.886531
0.845018
0.812368
0.923991
0.89894
0.863849
0.835917
0.940061
0.919626
0.890433
0.866723
0.959
0.942963
0.919312
0.899555
0.976772
0.964973
0.946668
0.930751
0.990571
0.982907
0.969858
0.957761
0.998528
0.994926
0.987102
0.978852
0.999498
0.999901
0.997293
0.99294
0
0
0
0
0
0
0
0
0
0
0
0
0
0
0
0
0
0
0
0
0
0
0
0
0
0
0
0
0
0
0
0
0
0
0
0
0
0
0
0
0.997063
0.991779
0.929249
0.856199
0.934765
0.872058
0.781804
0.71468
0.844409
0.787939
0.71659
0.665877
0.814908
0.770467
0.714587
0.674311
0.825454
0.789951
0.744497
0.710959
0.85502
0.826256
0.78855
0.760028
0.891321
0.868131
0.836902
0.812651
0.927217
0.90901
0.883686
0.86343
0.958332
0.944808
0.925161
0.908848
0.981879
0.972882
0.958842
0.946521
0.996081
0.991514
0.98308
0.974842
0.999882
0.999667
0.996853
0.992796
0
0
0
0
0
0
0
0
0
0
0
0
0
0
0
0
0
0
0
0
0
0
0
0
0
0
0
0
0
0
0
0
0
0
0
0
0
0
0
0
0.999759
0.931747
0.733434
0.598518
0.731506
0.628015
0.520665
0.456911
0.641597
0.580838
0.513707
0.470377
0.661601
0.617469
0.565822
0.530541
0.715059
0.679822
0.636813
0.606222
0.777564
0.748575
0.711967
0.685068
0.838909
0.815147
0.784193
0.760771
0.893792
0.87485
0.849362
0.829489
0.939041
0.92476
0.904769
0.888625
0.972616
0.962933
0.948542
0.936332
0.993197
0.98807
0.979386
0.971303
0.999998
0.999373
0.996469
0.992678
0
0
0
0
0
0
0
0
0
0
0
0
0
0
0
0
0
0
0
0
0
0
0
0
0
0
0
0
0
0
0
0
0
0
0
0
0
0
0
0
0
0
0
0
0.242518
0.195848
0.156267
0.135219
0.37066
0.33118
0.290237
0.264873
0.489919
0.454991
0.415509
0.389191
0.600096
0.569131
0.532261
0.506516
0.699703
0.67265
0.639191
0.614996
0.787171
0.764155
0.734753
0.712841
0.861065
0.842254
0.817449
0.798412
0.920152
0.905702
0.885939
0.870262
0.963437
0.953465
0.939095
0.927174
0.990189
0.984756
0.976032
0.968179
0.999958
0.999058
0.996132
0.992579
0.131286
0.134216
0.138241
0.14149
0.143285
0.146776
0.151593
0.155502
0.157667
0.161895
0.16776
0.172547
0.175209
0.180429
0.187717
0.193707
0.197054
0.203652
0.212937
0.220633
0.22496
0.233541
0.24574
0.255957
0.261744
0.27331
0.289958
0.304086
0.312161
0.32846
0.352282
0.372822
0.384692
0.408923
0.44495
0.476531
0.494968
0.532944
0.589922
0.639882
0.668823
0.727269
0.809684
0.873618
0.905863
0.957882
0.996747
0.996242
0.242518
0.195848
0.156267
0.135219
0.37066
0.33118
0.290237
0.264873
0.489919
0.454991
0.415509
0.389191
0.600096
0.569131
0.532261
0.506516
0.699703
0.67265
0.639191
0.614996
0.787171
0.764155
0.734753
0.712841
0.861065
0.842254
0.817449
0.798412
0.920152
0.905702
0.885939
0.870262
0.963437
0.953465
0.939095
0.927174
0.990189
0.984756
0.976032
0.968179
0.260325
0.26613
0.27409
0.280506
0.284044
0.290919
0.300379
0.308035
0.312268
0.320515
0.331912
0.341174
0.34631
0.356345
0.370277
0.381651
0.387977
0.400378
0.417672
0.431856
0.439768
0.455322
0.477102
0.495031
0.505053
0.524789
0.552475
0.575274
0.588011
0.613049
0.647995
0.676527
0.692333
0.723054
0.764931
0.798006
0.815804
0.849123
0.891297
0.921369
0.936153
0.960759
0.984966
0.996104
0.999109
0.999006
0.987755
0.971318
0.135219
0.156267
0.195848
0.242518
0.242518
0.195848
0.156267
0.135219
0.37066
0.33118
0.290237
0.264873
0.489919
0.454991
0.415509
0.389191
0.600096
0.569131
0.532261
0.506516
0.699703
0.67265
0.639191
0.614996
0.787171
0.764155
0.734753
0.712841
0.861065
0.842254
0.817449
0.798412
0.920152
0.905702
0.885939
0.870262
0.963437
0.953465
0.939095
0.927174
0.384909
0.393478
0.405192
0.414603
0.41978
0.429812
0.443556
0.454622
0.460718
0.472544
0.488775
0.501863
0.509078
0.523088
0.542327
0.557845
0.566398
0.582996
0.605755
0.624065
0.634134
0.653612
0.680159
0.701345
0.712916
0.735119
0.76492
0.788249
0.800794
0.824421
0.855077
0.878078
0.890031
0.911644
0.937655
0.955357
0.963828
0.977637
0.991013
0.997306
0.999168
0.999788
0.994965
0.987108
0.981536
0.968691
0.947799
0.929164
0.264873
0.290237
0.33118
0.37066
0.135219
0.156267
0.195848
0.242518
0.242518
0.195848
0.156267
0.135219
0.37066
0.33118
0.290237
0.264873
0.489919
0.454991
0.415509
0.389191
0.600096
0.569131
0.532261
0.506516
0.699703
0.67265
0.639191
0.614996
0.787171
0.764155
0.734753
0.712841
0.861065
0.842254
0.817449
0.798412
0.920152
0.905702
0.885939
0.870262
0.502907
0.514071
0.529259
0.541396
0.548046
0.560874
0.578318
0.592245
0.599869
0.614558
0.634484
0.650343
0.659
0.67563
0.698058
0.715781
0.725402
0.74376
0.76823
0.787293
0.797529
0.816811
0.841942
0.861001
0.871021
0.889449
0.912463
0.929032
0.937392
0.952039
0.968769
0.979471
0.984339
0.99179
0.997989
0.999911
0.999911
0.997989
0.99179
0.984339
0.979471
0.968769
0.952039
0.937392
0.929032
0.912463
0.889449
0.871021
0.389191
0.415509
0.454991
0.489919
0.264873
0.290237
0.33118
0.37066
0.135219
0.156267
0.195848
0.242518
0.242518
0.195848
0.156267
0.135219
0.37066
0.33118
0.290237
0.264873
0.489919
0.454991
0.415509
0.389191
0.600096
0.569131
0.532261
0.506516
0.699703
0.67265
0.639191
0.614996
0.787171
0.764155
0.734753
0.712841
0.861065
0.842254
0.817449
0.798412
0.612298
0.625829
0.644097
0.658569
0.666446
0.681533
0.701797
0.717751
0.726393
0.742854
0.764751
0.781796
0.790948
0.808208
0.830776
0.84799
0.857091
0.873955
0.895343
0.911076
0.919164
0.933677
0.951065
0.962982
0.968767
0.978455
0.988594
0.994284
0.996538
0.999261
0.999796
0.997884
0.996052
0.99113
0.981926
0.972891
0.967428
0.956064
0.939293
0.925169
0.91726
0.901812
0.8807
0.863979
0.854932
0.837783
0.815235
0.797947
0.506516
0.532261
0.569131
0.600096
0.389191
0.415509
0.454991
0.489919
0.264873
0.290237
0.33118
0.37066
0.135219
0.156267
0.195848
0.242518
0.242518
0.195848
0.156267
0.135219
0.37066
0.33118
0.290237
0.264873
0.489919
0.454991
0.415509
0.389191
0.600096
0.569131
0.532261
0.506516
0.699703
0.67265
0.639191
0.614996
0.787171
0.764155
0.734753
0.712841
0.71121
0.726812
0.747615
0.763856
0.7726
0.78914
0.810892
0.827604
0.836491
0.853071
0.874363
0.890268
0.898548
0.913624
0.932179
0.94535
0.951936
0.96338
0.976301
0.984484
0.988186
0.993823
0.998491
0.999933
0.999933
0.998491
0.993823
0.988186
0.984484
0.976301
0.96338
0.951936
0.94535
0.932179
0.913624
0.898548
0.890268
0.874363
0.853071
0.836491
0.827604
0.810892
0.78914
0.7726
0.763856
0.747615
0.726812
0.71121
0.614996
0.639191
0.67265
0.699703
0.506516
0.532261
0.569131
0.600096
0.389191
0.415509
0.454991
0.489919
0.264873
0.290237
0.33118
0.37066
0.135219
0.156267
0.195848
0.242518
0.242518
0.195848
0.156267
0.135219
0.37066
0.33118
0.290237
0.264873
0.489919
0.454991
0.415509
0.389191
0.600096
0.569131
0.532261
0.506516
0.699703
0.67265
0.639191
0.614996
0.797947
0.815235
0.837783
0.854932
0.863979
0.8807
0.901812
0.91726
0.925169
0.939293
0.956064
0.967428
0.972891
0.981926
0.99113
0.996052
0.997884
0.999796
0.999261
0.996538
0.994284
0.988594
0.978455
0.968767
0.962982
0.951065
0.933677
0.919164
0.911076
0.895343
0.873955
0.857091
0.84799
0.830776
0.808208
0.790948
0.781796
0.764751
0.742854
0.726393
0.717751
0.701797
0.681533
0.666446
0.658569
0.644097
0.625829
0.612298
0.712841
0.734753
0.764155
0.787171
0.614996
0.639191
0.67265
0.699703
0.506516
0.532261
0.569131
0.600096
0.389191
0.415509
0.454991
0.489919
0.264873
0.290237
0.33118
0.37066
0.135219
0.156267
0.195848
0.242518
0.242518
0.195848
0.156267
0.135219
0.37066
0.33118
0.290237
0.264873
0.489919
0.454991
0.415509
0.389191
0.600096
0.569131
0.532261
0.506516
0.871021
0.889449
0.912463
0.929032
0.937392
0.952039
0.968769
0.979471
0.984339
0.99179
0.997989
0.999911
0.999911
0.997989
0.99179
0.984339
0.979471
0.968769
0.952039
0.937392
0.929032
0.912463
0.889449
0.871021
0.861001
0.841942
0.816811
0.797529
0.787293
0.76823
0.74376
0.725402
0.715781
0.698058
0.67563
0.659
0.650343
0.634484
0.614558
0.599869
0.592245
0.578318
0.560874
0.548046
0.541396
0.529259
0.514071
0.502907
0.798412
0.817449
0.842254
0.861065
0.712841
0.734753
0.764155
0.787171
0.614996
0.639191
0.67265
0.699703
0.506516
0.532261
0.569131
0.600096
0.389191
0.415509
0.454991
0.489919
0.264873
0.290237
0.33118
0.37066
0.135219
0.156267
0.195848
0.242518
0.242518
0.195848
0.156267
0.135219
0.37066
0.33118
0.290237
0.264873
0.489919
0.454991
0.415509
0.389191
0.929164
0.947799
0.968691
0.981536
0.987108
0.994965
0.999788
0.999168
0.997306
0.991013
0.977637
0.963828
0.955357
0.937655
0.911644
0.890031
0.878078
0.855077
0.824421
0.800794
0.788249
0.76492
0.735119
0.712916
0.701345
0.680159
0.653612
0.634134
0.624065
0.605755
0.582996
0.566398
0.557845
0.542327
0.523088
0.509078
0.501863
0.488775
0.472544
0.460718
0.454622
0.443556
0.429812
0.41978
0.414603
0.405192
0.393478
0.384909
0.870262
0.885939
0.905702
0.920152
0.798412
0.817449
0.842254
0.861065
0.712841
0.734753
0.764155
0.787171
0.614996
0.639191
0.67265
0.699703
0.506516
0.532261
0.569131
0.600096
0.389191
0.415509
0.454991
0.489919
0.264873
0.290237
0.33118
0.37066
0.135219
0.156267
0.195848
0.242518
0.242518
0.195848
0.156267
0.135219
0.37066
0.33118
0.290237
0.264873
0.971318
0.987755
0.999006
0.999109
0.996104
0.984966
0.960759
0.936153
0.921369
0.891297
0.849123
0.815804
0.798006
0.764931
0.723054
0.692333
0.676527
0.647995
0.613049
0.588011
0.575274
0.552475
0.524789
0.505053
0.495031
0.477102
0.455322
0.439768
0.431856
0.417672
0.400378
0.387977
0.381651
0.370277
0.356345
0.34631
0.341174
0.331912
0.320515
0.312268
0.308035
0.300379
0.290919
0.284044
0.280506
0.27409
0.26613
0.260325
0.927174
0.939095
0.953465
0.963437
0.870262
0.885939
0.905702
0.920152
0.798412
0.817449
0.842254
0.861065
0.712841
0.734753
0.764155
0.787171
0.614996
0.639191
0.67265
0.699703
0.506516
0.532261
0.569131
0.600096
0.389191
0.415509
0.454991
0.489919
0.264873
0.290237
0.33118
0.37066
0.135219
0.156267
0.195848
0.242518
0.242518
0.195848
0.156267
0.135219
0.996242
0.996747
0.957882
0.905863
0.873618
0.809684
0.727269
0.668823
0.639882
0.589922
0.532944
0.494968
0.476531
0.44495
0.408923
0.384692
0.372822
0.352282
0.32846
0.312161
0.304086
0.289958
0.27331
0.261744
0.255957
0.24574
0.233541
0.22496
0.220633
0.212937
0.203652
0.197054
0.193707
0.187717
0.180429
0.175209
0.172547
0.16776
0.161895
0.157667
0.155502
0.151593
0.146776
0.143285
0.14149
0.138241
0.134216
0.131286
0.968179
0.976032
0.984756
0.990189
0.927174
0.939095
0.953465
0.963437
0.870262
0.885939
0.905702
0.920152
0.798412
0.817449
0.842254
0.861065
0.712841
0.734753
0.764155
0.787171
0.614996
0.639191
0.67265
0.699703
0.506516
0.532261
0.569131
0.600096
0.389191
0.415509
0.454991
0.489919
0.264873
0.290237
0.33118
0.37066
0.135219
0.156267
0.195848
0.242518
