0
0
0
0
0
0
0
0
0
0
0
0
0
0
0
0
0
0
0
0
0
0
0
0
0
0
0
0
0
0
0
0
0
0
0
0
0
0
0
0
0
0
0
0
0.9926
0.9961
0.9991
1
0.9682
0.976
0.9848
0.9902
0.9272
0.9391
0.9535
0.9634
0.8703
0.8859
0.9057
0.9202
0.7984
0.8174
0.8423
0.8611
0.7128
0.7348
0.7642
0.7872
0.615
0.6392
0.6727
0.6997
0.5065
0.5323
0.5691
0.6001
0.3892
0.4155
0.455
0.4899
0.2649
0.2902
0.3312
0.3707
0.1352
0.1563
0.1958
0.2425
0
0
0
0
0
0
0
0
0
0
0
0
0
0
0
0
0
0
0
0
0
0
0
0
0
0
0
0
0
0
0
0
0
0
0
0
0
0
0
0
0.9927
0.9965
0.9994
1
0.9713
0.9794
0.9881
0.9932
0.9363
0.9485
0.9629
0.9726
0.8886
0.9048
0.9248
0.939
0.8295
0.8494
0.8749
0.8938
0.7608
0.7842
0.8151
0.8389
0.6851
0.712
0.7486
0.7776
0.6062
0.6368
0.6798
0.7151
0.5305
0.5658
0.6175
0.6616
0.4704
0.5137
0.5808
0.6416
0.4569
0.5207
0.628
0.7315
0.5985
0.7334
0.9317
0.9998
0
0
0
0
0
0
0
0
0
0
0
0
0
0
0
0
0
0
0
0
0
0
0
0
0
0
0
0
0
0
0
0
0
0
0
0
0
0
0
0
0.9928
0.9969
0.9997
0.9999
0.9748
0.9831
0.9915
0.9961
0.9465
0.9588
0.9729
0.9819
0.9088
0.9252
0.9448
0.9583
0.8634
0.8837
0.909
0.9272
0.8127
0.8369
0.8681
0.8913
0.76
0.7886
0.8263
0.855
0.711
0.7445
0.79
0.8255
0.6743
0.7146
0.7705
0.8149
0.6659
0.7166
0.7879
0.8444
0.7147
0.7818
0.8721
0.9348
0.8562
0.9292
0.9918
0.9971
0
0
0
0
0
0
0
0
0
0
0
0
0
0
0
0
0
0
0
0
0
0
0
0
0
0
0
0
0
0
0
0
0
0
0
0
0
0
0
0
0.9929
0.9973
0.9999
0.9995
0.9789
0.9871
0.9949
0.9985
0.9578
0.9699
0.9829
0.9906
0.9308
0.9467
0.965
0.9768
0.8996
0.9193
0.943
0.959
0.8667
0.8904
0.9196
0.9401
0.8359
0.8638
0.8989
0.924
0.8124
0.845
0.8865
0.9164
0.8035
0.8415
0.8898
0.924
0.8189
0.8626
0.9163
0.9517
0.8674
0.9136
0.9636
0.9891
0.9414
0.9764
0.9991
0.9955
0
0
0
0
0
0
0
0
0
0
0
0
0
0
0
0
0
0
0
0
0
0
0
0
0
0
0
0
0
0
0
0
0
0
0
0
0
0
0
0
0.9931
0.9978
1
0.9986
0.9834
0.9914
0.998
0.9999
0.9699
0.9812
0.9921
0.9974
0.9537
0.9682
0.9834
0.992
0.9361
0.9538
0.9734
0.9851
0.9194
0.9402
0.9638
0.9785
0.906
0.9299
0.9573
0.9745
0.8992
0.9259
0.9565
0.9753
0.9023
0.9311
0.9632
0.9819
0.9174
0.9467
0.977
0.9923
0.9435
0.9698
0.9927
0.9998
0.9733
0.9913
1
0.9946
0
0
0
0
0
0
0
0
0
0
0
0
0
0
0
0
0
0
0
0
0
0
0
0
0
0
0
0
0
0
0
0
0
0
0
0
0
0
0
0
0.9933
0.9984
0.9998
0.9969
0.9884
0.9956
0.9999
0.9991
0.9824
0.9917
0.9987
1
0.9759
0.9872
0.9968
0.9998
0.9696
0.9828
0.9946
0.9992
0.9644
0.9793
0.993
0.9986
0.9614
0.9774
0.9923
0.9985
0.9612
0.9779
0.9931
0.999
0.9642
0.9809
0.9952
0.9998
0.9704
0.9859
0.9978
0.9999
0.9786
0.9918
0.9997
0.9983
0.9871
0.9968
0.9996
0.994
0
0
0
0
0
0
0
0
0
0
0
0
0
0
0
0
0
0
0
0
0
0
0
0
0
0
0
0
0
0
0
0
0
0
0
0
0
0
0
0
0.9936
0.999
0.999
0.9936
0.9936
0.999
0.999
0.9936
0.9936
0.999
0.999
0.9936
0.9936
0.999
0.999
0.9936
0.9936
0.999
0.999
0.9936
0.9936
0.999
0.999
0.9936
0.9936
0.999
0.999
0.9936
0.9936
0.999
0.999
0.9936
0.9936
0.999
0.999
0.9936
0.9936
0.999
0.999
0.9936
0.9936
0.999
0.999
0.9936
0.9936
0.999
0.999
0.9936
0
0
0
0
0
0
0
0
0
0
0
0
0
0
0
0
0
0
0
0
0
0
0
0
0
0
0
0
0
0
0
0
0
0
0
0
0
0
0
0
0.994
0.9996
0.9968
0.9871
0.9983
0.9997
0.9918
0.9786
0.9999
0.9978
0.9859
0.9704
0.9998
0.9952
0.9809
0.9642
0.999
0.9931
0.9779
0.9612
0.9985
0.9923
0.9774
0.9614
0.9986
0.993
0.9793
0.9644
0.9992
0.9946
0.9828
0.9696
0.9998
0.9968
0.9872
0.9759
1
0.9987
0.9917
0.9824
0.9991
0.9999
0.9956
0.9884
0.9969
0.9998
0.9984
0.9933
0
0
0
0
0
0
0
0
0
0
0
0
0
0
0
0
0
0
0
0
0
0
0
0
0
0
0
0
0
0
0
0
0
0
0
0
0
0
0
0
0.9946
1
0.9913
0.9733
0.9998
0.9927
0.9698
0.9435
0.9923
0.977
0.9467
0.9174
0.9819
0.9632
0.9311
0.9023
0.9753
0.9565
0.9259
0.8992
0.9745
0.9573
0.9299
0.906
0.9785
0.9638
0.9402
0.9194
0.9851
0.9734
0.9538
0.9361
0.992
0.9834
0.9682
0.9537
0.9974
0.9921
0.9812
0.9699
0.9999
0.998
0.9914
0.9834
0.9986
1
0.9978
0.9931
0
0
0
0
0
0
0
0
0
0
0
0
0
0
0
0
0
0
0
0
0
0
0
0
0
0
0
0
0
0
0
0
0
0
0
0
0
0
0
0
0.9955
0.9991
0.9764
0.9414
0.9891
0.9636
0.9136
0.8674
0.9517
0.9163
0.8626
0.8189
0.924
0.8898
0.8415
0.8035
0.9164
0.8865
0.845
0.8124
0.924
0.8989
0.8638
0.8359
0.9401
0.9196
0.8904
0.8667
0.959
0.943
0.9193
0.8996
0.9768
0.965
0.9467
0.9308
0.9906
0.9829
0.9699
0.9578
0.9985
0.9949
0.9871
0.9789
0.9995
0.9999
0.9973
0.9929
0
0
0
0
0
0
0
0
0
0
0
0
0
0
0
0
0
0
0
0
0
0
0
0
0
0
0
0
0
0
0
0
0
0
0
0
0
0
0
0
0.9971
0.9918
0.9292
0.8562
0.9348
0.8721
0.7818
0.7147
0.8444
0.7879
0.7166
0.6659
0.8149
0.7705
0.7146
0.6743
0.8255
0.79
0.7445
0.711
0.855
0.8263
0.7886
0.76
0.8913
0.8681
0.8369
0.8127
0.9272
0.909
0.8837
0.8634
0.9583
0.9448
0.9252
0.9088
0.9819
0.9729
0.9588
0.9465
0.9961
0.9915
0.9831
0.9748
0.9999
0.9997
0.9969
0.9928
0
0
0
0
0
0
0
0
0
0
0
0
0
0
0
0
0
0
0
0
0
0
0
0
0
0
0
0
0
0
0
0
0
0
0
0
0
0
0
0
0.9998
0.9317
0.7334
0.5985
0.7315
0.628
0.5207
0.4569
0.6416
0.5808
0.5137
0.4704
0.6616
0.6175
0.5658
0.5305
0.7151
0.6798
0.6368
0.6062
0.7776
0.7486
0.712
0.6851
0.8389
0.8151
0.7842
0.7608
0.8938
0.8749
0.8494
0.8295
0.939
0.9248
0.9048
0.8886
0.9726
0.9629
0.9485
0.9363
0.9932
0.9881
0.9794
0.9713
1
0.9994
0.9965
0.9927
0
0
0
0
0
0
0
0
0
0
0
0
0
0
0
0
0
0
0
0
0
0
0
0
0
0
0
0
0
0
0
0
0
0
0
0
0
0
0
0
0
0
0
0
0.2425
0.1958
0.1563
0.1352
0.3707
0.3312
0.2902
0.2649
0.4899
0.455
0.4155
0.3892
0.6001
0.5691
0.5323
0.5065
0.6997
0.6727
0.6392
0.615
0.7872
0.7642
0.7348
0.7128
0.8611
0.8423
0.8174
0.7984
0.9202
0.9057
0.8859
0.8703
0.9634
0.9535
0.9391
0.9272
0.9902
0.9848
0.976
0.9682
1
0.9991
0.9961
0.9926
0.1313
0.1342
0.1382
0.1415
0.1433
0.1468
0.1516
0.1555
0.1577
0.1619
0.1678
0.1725
0.1752
0.1804
0.1877
0.1937
0.1971
0.2037
0.2129
0.2206
0.225
0.2335
0.2457
0.256
0.2617
0.2733
0.29
0.3041
0.3122
0.3285
0.3523
0.3728
0.3847
0.4089
0.445
0.4765
0.495
0.5329
0.5899
0.6399
0.6688
0.7273
0.8097
0.8736
0.9059
0.9579
0.9967
0.9962
0.2425
0.1958
0.1563
0.1352
0.3707
0.3312
0.2902
0.2649
0.4899
0.455
0.4155
0.3892
0.6001
0.5691
0.5323
0.5065
0.6997
0.6727
0.6392
0.615
0.7872
0.7642
0.7348
0.7128
0.8611
0.8423
0.8174
0.7984
0.9202
0.9057
0.8859
0.8703
0.9634
0.9535
0.9391
0.9272
0.9902
0.9848
0.976
0.9682
0.2603
0.2661
0.2741
0.2805
0.284
0.2909
0.3004
0.308
0.3123
0.3205
0.3319
0.3412
0.3463
0.3563
0.3703
0.3817
0.388
0.4004
0.4177
0.4319
0.4398
0.4553
0.4771
0.495
0.5051
0.5248
0.5525
0.5753
0.588
0.613
0.648
0.6765
0.6923
0.7231
0.7649
0.798
0.8158
0.8491
0.8913
0.9214
0.9362
0.9608
0.985
0.9961
0.9991
0.999
0.9878
0.9713
0.1352
0.1563
0.1958
0.2425
0.2425
0.1958
0.1563
0.1352
0.3707
0.3312
0.2902
0.2649
0.4899
0.455
0.4155
0.3892
0.6001
0.5691
0.5323
0.5065
0.6997
0.6727
0.6392
0.615
0.7872
0.7642
0.7348
0.7128
0.8611
0.8423
0.8174
0.7984
0.9202
0.9057
0.8859
0.8703
0.9634
0.9535
0.9391
0.9272
0.3849
0.3935
0.4052
0.4146
0.4198
0.4298
0.4436
0.4546
0.4607
0.4725
0.4888
0.5019
0.5091
0.5231
0.5423
0.5578
0.5664
0.583
0.6058
0.6241
0.6341
0.6536
0.6802
0.7013
0.7129
0.7351
0.7649
0.7882
0.8008
0.8244
0.8551
0.8781
0.89
0.9116
0.9377
0.9554
0.9638
0.9776
0.991
0.9973
0.9992
0.9998
0.995
0.9871
0.9815
0.9687
0.9478
0.9292
0.2649
0.2902
0.3312
0.3707
0.1352
0.1563
0.1958
0.2425
0.2425
0.1958
0.1563
0.1352
0.3707
0.3312
0.2902
0.2649
0.4899
0.455
0.4155
0.3892
0.6001
0.5691
0.5323
0.5065
0.6997
0.6727
0.6392
0.615
0.7872
0.7642
0.7348
0.7128
0.8611
0.8423
0.8174
0.7984
0.9202
0.9057
0.8859
0.8703
0.5029
0.5141
0.5293
0.5414
0.548
0.5609
0.5783
0.5922
0.5999
0.6146
0.6345
0.6503
0.659
0.6756
0.6981
0.7158
0.7254
0.7438
0.7682
0.7873
0.7975
0.8168
0.8419
0.861
0.871
0.8894
0.9125
0.929
0.9374
0.952
0.9688
0.9795
0.9843
0.9918
0.998
0.9999
0.9999
0.998
0.9918
0.9843
0.9795
0.9688
0.952
0.9374
0.929
0.9125
0.8894
0.871
0.3892
0.4155
0.455
0.4899
0.2649
0.2902
0.3312
0.3707
0.1352
0.1563
0.1958
0.2425
0.2425
0.1958
0.1563
0.1352
0.3707
0.3312
0.2902
0.2649
0.4899
0.455
0.4155
0.3892
0.6001
0.5691
0.5323
0.5065
0.6997
0.6727
0.6392
0.615
0.7872
0.7642
0.7348
0.7128
0.8611
0.8423
0.8174
0.7984
0.6123
0.6258
0.6441
0.6586
0.6664
0.6815
0.7018
0.7178
0.7264
0.7429
0.7648
0.7818
0.7909
0.8082
0.8308
0.848
0.8571
0.874
0.8953
0.9111
0.9192
0.9337
0.9511
0.963
0.9688
0.9785
0.9886
0.9943
0.9965
0.9993
0.9998
0.9979
0.9961
0.9911
0.9819
0.9729
0.9674
0.9561
0.9393
0.9252
0.9173
0.9018
0.8807
0.864
0.8549
0.8378
0.8152
0.7979
0.5065
0.5323
0.5691
0.6001
0.3892
0.4155
0.455
0.4899
0.2649
0.2902
0.3312
0.3707
0.1352
0.1563
0.1958
0.2425
0.2425
0.1958
0.1563
0.1352
0.3707
0.3312
0.2902
0.2649
0.4899
0.455
0.4155
0.3892
0.6001
0.5691
0.5323
0.5065
0.6997
0.6727
0.6392
0.615
0.7872
0.7642
0.7348
0.7128
0.7112
0.7268
0.7476
0.7639
0.7726
0.7891
0.8109
0.8276
0.8365
0.8531
0.8744
0.8903
0.8985
0.9136
0.9322
0.9454
0.9519
0.9634
0.9763
0.9845
0.9882
0.9938
0.9985
0.9999
0.9999
0.9985
0.9938
0.9882
0.9845
0.9763
0.9634
0.9519
0.9454
0.9322
0.9136
0.8985
0.8903
0.8744
0.8531
0.8365
0.8276
0.8109
0.7891
0.7726
0.7639
0.7476
0.7268
0.7112
0.615
0.6392
0.6727
0.6997
0.5065
0.5323
0.5691
0.6001
0.3892
0.4155
0.455
0.4899
0.2649
0.2902
0.3312
0.3707
0.1352
0.1563
0.1958
0.2425
0.2425
0.1958
0.1563
0.1352
0.3707
0.3312
0.2902
0.2649
0.4899
0.455
0.4155
0.3892
0.6001
0.5691
0.5323
0.5065
0.6997
0.6727
0.6392
0.615
0.7979
0.8152
0.8378
0.8549
0.864
0.8807
0.9018
0.9173
0.9252
0.9393
0.9561
0.9674
0.9729
0.9819
0.9911
0.9961
0.9979
0.9998
0.9993
0.9965
0.9943
0.9886
0.9785
0.9688
0.963
0.9511
0.9337
0.9192
0.9111
0.8953
0.874
0.8571
0.848
0.8308
0.8082
0.7909
0.7818
0.7648
0.7429
0.7264
0.7178
0.7018
0.6815
0.6664
0.6586
0.6441
0.6258
0.6123
0.7128
0.7348
0.7642
0.7872
0.615
0.6392
0.6727
0.6997
0.5065
0.5323
0.5691
0.6001
0.3892
0.4155
0.455
0.4899
0.2649
0.2902
0.3312
0.3707
0.1352
0.1563
0.1958
0.2425
0.2425
0.1958
0.1563
0.1352
0.3707
0.3312
0.2902
0.2649
0.4899
0.455
0.4155
0.3892
0.6001
0.5691
0.5323
0.5065
0.871
0.8894
0.9125
0.929
0.9374
0.952
0.9688
0.9795
0.9843
0.9918
0.998
0.9999
0.9999
0.998
0.9918
0.9843
0.9795
0.9688
0.952
0.9374
0.929
0.9125
0.8894
0.871
0.861
0.8419
0.8168
0.7975
0.7873
0.7682
0.7438
0.7254
0.7158
0.6981
0.6756
0.659
0.6503
0.6345
0.6146
0.5999
0.5922
0.5783
0.5609
0.548
0.5414
0.5293
0.5141
0.5029
0.7984
0.8174
0.8423
0.8611
0.7128
0.7348
0.7642
0.7872
0.615
0.6392
0.6727
0.6997
0.5065
0.5323
0.5691
0.6001
0.3892
0.4155
0.455
0.4899
0.2649
0.2902
0.3312
0.3707
0.1352
0.1563
0.1958
0.2425
0.2425
0.1958
0.1563
0.1352
0.3707
0.3312
0.2902
0.2649
0.4899
0.455
0.4155
0.3892
0.9292
0.9478
0.9687
0.9815
0.9871
0.995
0.9998
0.9992
0.9973
0.991
0.9776
0.9638
0.9554
0.9377
0.9116
0.89
0.8781
0.8551
0.8244
0.8008
0.7882
0.7649
0.7351
0.7129
0.7013
0.6802
0.6536
0.6341
0.6241
0.6058
0.583
0.5664
0.5578
0.5423
0.5231
0.5091
0.5019
0.4888
0.4725
0.4607
0.4546
0.4436
0.4298
0.4198
0.4146
0.4052
0.3935
0.3849
0.8703
0.8859
0.9057
0.9202
0.7984
0.8174
0.8423
0.8611
0.7128
0.7348
0.7642
0.7872
0.615
0.6392
0.6727
0.6997
0.5065
0.5323
0.5691
0.6001
0.3892
0.4155
0.455
0.4899
0.2649
0.2902
0.3312
0.3707
0.1352
0.1563
0.1958
0.2425
0.2425
0.1958
0.1563
0.1352
0.3707
0.3312
0.2902
0.2649
0.9713
0.9878
0.999
0.9991
0.9961
0.985
0.9608
0.9362
0.9214
0.8913
0.8491
0.8158
0.798
0.7649
0.7231
0.6923
0.6765
0.648
0.613
0.588
0.5753
0.5525
0.5248
0.5051
0.495
0.4771
0.4553
0.4398
0.4319
0.4177
0.4004
0.388
0.3817
0.3703
0.3563
0.3463
0.3412
0.3319
0.3205
0.3123
0.308
0.3004
0.2909
0.284
0.2805
0.2741
0.2661
0.2603
0.9272
0.9391
0.9535
0.9634
0.8703
0.8859
0.9057
0.9202
0.7984
0.8174
0.8423
0.8611
0.7128
0.7348
0.7642
0.7872
0.615
0.6392
0.6727
0.6997
0.5065
0.5323
0.5691
0.6001
0.3892
0.4155
0.455
0.4899
0.2649
0.2902
0.3312
0.3707
0.1352
0.1563
0.1958
0.2425
0.2425
0.1958
0.1563
0.1352
0.9962
0.9967
0.9579
0.9059
0.8736
0.8097
0.7273
0.6688
0.6399
0.5899
0.5329
0.495
0.4765
0.445
0.4089
0.3847
0.3728
0.3523
0.3285
0.3122
0.3041
0.29
0.2733
0.2617
0.256
0.2457
0.2335
0.225
0.2206
0.2129
0.2037
0.1971
0.1937
0.1877
0.1804
0.1752
0.1725
0.1678
0.1619
0.1577
0.1555
0.1516
0.1468
0.1433
0.1415
0.1382
0.1342
0.1313
0.9682
0.976
0.9848
0.9902
0.9272
0.9391
0.9535
0.9634
0.8703
0.8859
0.9057
0.9202
0.7984
0.8174
0.8423
0.8611
0.7128
0.7348
0.7642
0.7872
0.615
0.6392
0.6727
0.6997
0.5065
0.5323
0.5691
0.6001
0.3892
0.4155
0.455
0.4899
0.2649
0.2902
0.3312
0.3707
0.1352
0.1563
0.1958
0.2425
0
0
0
0
0
0
0
0
0
0
0
0
0
0
0
0
0
0
0
0
0
0
0
0
0
0
0
0
0
0
0
0
0
0
0
0
0
0
0
0
0
0
0
0
0.992579
0.996132
0.999058
0.999958
0.968179
0.976032
0.984756
0.990189
0.927174
0.939095
0.953465
0.963437
0.870262
0.885939
0.905702
0.920152
0.798412
0.817449
0.842254
0.861065
0.712841
0.734753
0.764155
0.787171
0.614996
0.639191
0.67265
0.699703
0.506516
0.532261
0.569131
0.600096
0.389191
0.415509
0.454991
0.489919
0.264873
0.290237
0.33118
0.37066
0.135219
0.156267
0.195848
0.242518
0
0
0
0
0
0
0
0
0
0
0
0
0
0
0
0
0
0
0
0
0
0
0
0
0
0
0
0
0
0
0
0
0
0
0
0
0
0
0
0
0.992678
0.996469
0.999373
0.999998
0.971303
0.979386
0.98807
0.993197
0.936332
0.948542
0.962933
0.972616
0.888625
0.904769
0.92476
0.939041
0.829489
0.849362
0.87485
0.893792
0.760771
0.784193
0.815147
0.838909
0.685068
0.711967
0.748575
0.777564
0.606222
0.636813
0.679822
0.715059
0.530541
0.565822
0.617469
0.661601
0.470377
0.513707
0.580838
0.641597
0.456911
0.520665
0.628015
0.731506
0.598518
0.733434
0.931747
0.999759
0
0
0
0
0
0
0
0
0
0
0
0
0
0
0
0
0
0
0
0
0
0
0
0
0
0
0
0
0
0
0
0
0
0
0
0
0
0
0
0
0.992796
0.996853
0.999667
0.999882
0.974842
0.98308
0.991514
0.996081
0.946521
0.958842
0.972882
0.981879
0.908848
0.925161
0.944808
0.958332
0.86343
0.883686
0.90901
0.927217
0.812651
0.836902
0.868131
0.891321
0.760028
0.78855
0.826256
0.85502
0.710959
0.744497
0.789951
0.825454
0.674311
0.714587
0.770467
0.814908
0.665877
0.71659
0.787939
0.844409
0.71468
0.781804
0.872058
0.934765
0.856199
0.929249
0.991779
0.997063
0
0
0
0
0
0
0
0
0
0
0
0
0
0
0
0
0
0
0
0
0
0
0
0
0
0
0
0
0
0
0
0
0
0
0
0
0
0
0
0
0.99294
0.997293
0.999901
0.999498
0.978852
0.987102
0.994926
0.998528
0.957761
0.969858
0.982907
0.990571
0.930751
0.946668
0.964973
0.976772
0.899555
0.919312
0.942963
0.959
0.866723
0.890433
0.919626
0.940061
0.835917
0.863849
0.89894
0.923991
0.812368
0.845018
0.886531
0.91637
0.803478
0.84153
0.889839
0.924029
0.818945
0.862635
0.916274
0.951653
0.867418
0.913566
0.963574
0.989069
0.941368
0.976404
0.999114
0.995509
0
0
0
0
0
0
0
0
0
0
0
0
0
0
0
0
0
0
0
0
0
0
0
0
0
0
0
0
0
0
0
0
0
0
0
0
0
0
0
0
0.993117
0.997797
1
0.998645
0.983372
0.991359
0.997957
0.999932
0.969897
0.98116
0.992126
0.997413
0.953655
0.968159
0.983444
0.991994
0.936127
0.953835
0.973361
0.98507
0.91936
0.940227
0.963849
0.978512
0.905995
0.92993
0.957346
0.974543
0.899197
0.925949
0.956469
0.975322
0.902254
0.931133
0.96319
0.981911
0.917422
0.946725
0.977036
0.992337
0.943538
0.969785
0.992675
0.999754
0.973289
0.991276
0.999999
0.994612
0
0
0
0
0
0
0
0
0
0
0
0
0
0
0
0
0
0
0
0
0
0
0
0
0
0
0
0
0
0
0
0
0
0
0
0
0
0
0
0
0.993341
0.99837
0.999809
0.996943
0.988377
0.995572
0.999857
0.9991
0.982366
0.991683
0.998712
0.999953
0.975853
0.987195
0.996785
0.999836
0.969583
0.982787
0.994649
0.999225
0.964445
0.979262
0.99296
0.998643
0.96137
0.977424
0.992322
0.998519
0.961158
0.977895
0.993093
0.998997
0.964238
0.980875
0.995164
0.999752
0.970393
0.9859
0.9978
0.999919
0.97858
0.991763
0.999732
0.998319
0.987072
0.996812
0.999625
0.994035
0
0
0
0
0
0
0
0
0
0
0
0
0
0
0
0
0
0
0
0
0
0
0
0
0
0
0
0
0
0
0
0
0
0
0
0
0
0
0
0
0.993635
0.999
0.999
0.993635
0.993635
0.999
0.999
0.993635
0.993635
0.999
0.999
0.993635
0.993635
0.999
0.999
0.993635
0.993635
0.999
0.999
0.993635
0.993635
0.999
0.999
0.993635
0.993635
0.999
0.999
0.993635
0.993635
0.999
0.999
0.993635
0.993635
0.999
0.999
0.993635
0.993635
0.999
0.999
0.993635
0.993635
0.999
0.999
0.993635
0.993635
0.999
0.999
0.993635
0
0
0
0
0
0
0
0
0
0
0
0
0
0
0
0
0
0
0
0
0
0
0
0
0
0
0
0
0
0
0
0
0
0
0
0
0
0
0
0
0.994035
0.999625
0.996812
0.987072
0.998319
0.999732
0.991763
0.97858
0.999919
0.9978
0.9859
0.970393
0.999752
0.995164
0.980875
0.964238
0.998997
0.993093
0.977895
0.961158
0.998519
0.992322
0.977424
0.96137
0.998643
0.99296
0.979262
0.964445
0.999225
0.994649
0.982787
0.969583
0.999836
0.996785
0.987195
0.975853
0.999953
0.998712
0.991683
0.982366
0.9991
0.999857
0.995572
0.988377
0.996943
0.999809
0.99837
0.993341
0
0
0
0
0
0
0
0
0
0
0
0
0
0
0
0
0
0
0
0
0
0
0
0
0
0
0
0
0
0
0
0
0
0
0
0
0
0
0
0
0.994612
0.999999
0.991276
0.973289
0.999754
0.992675
0.969785
0.943538
0.992337
0.977036
0.946725
0.917422
0.981911
0.96319
0.931133
0.902254
0.975322
0.956469
0.925949
0.899197
0.974543
0.957346
0.92993
0.905995
0.978512
0.963849
0.940227
0.91936
0.98507
0.973361
0.953835
0.936127
0.991994
0.983444
0.968159
0.953655
0.997413
0.992126
0.98116
0.969897
0.999932
0.997957
0.991359
0.983372
0.998645
1
0.997797
0.993117
0
0
0
0
0
0
0
0
0
0
0
0
0
0
0
0
0
0
0
0
0
0
0
0
0
0
0
0
0
0
0
0
0
0
0
0
0
0
0
0
0.995509
0.999114
0.976404
0.941368
0.989069
0.963574
0.913566
0.867418
0.951653
0.916274
0.862635
0.818945
0.924029
0.889839
0.84153
0.803478
0.91637
0.886531
0.845018
0.812368
0.923991
0.89894
0.863849
0.835917
0.940061
0.919626
0.890433
0.866723
0.959
0.942963
0.919312
0.899555
0.976772
0.964973
0.946668
0.930751
0.990571
0.982907
0.969858
0.957761
0.998528
0.994926
0.987102
0.978852
0.999498
0.999901
0.997293
0.99294
0
0
0
0
0
0
0
0
0
0
0
0
0
0
0
0
0
0
0
0
0
0
0
0
0
0
0
0
0
0
0
0
0
0
0
0
0
0
0
0
0.997063
0.991779
0.929249
0.856199
0.934765
0.872058
0.781804
0.71468
0.844409
0.787939
0.71659
0.665877
0.814908
0.770467
0.714587
0.674311
0.825454
0.789951
0.744497
0.710959
0.85502
0.826256
0.78855
0.760028
0.891321
0.868131
0.836902
0.812651
0.927217
0.90901
0.883686
0.86343
0.958332
0.944808
0.925161
0.908848
0.981879
0.972882
0.958842
0.946521
0.996081
0.991514
0.98308
0.974842
0.999882
0.999667
0.996853
0.992796
0
0
0
0
0
0
0
0
0
0
0
0
0
0
0
0
0
0
0
0
0
0
0
0
0
0
0
0
0
0
0
0
0
0
0
0
0
0
0
0
0.999759
0.931747
0.733434
0.598518
0.731506
0.628015
0.520665
0.456911
0.641597
0.580838
0.513707
0.470377
0.661601
0.617469
0.565822
0.530541
0.715059
0.679822
0.636813
0.606222
0.777564
0.748575
0.711967
0.685068
0.838909
0.815147
0.784193
0.760771
0.893792
0.87485
0.849362
0.829489
0.939041
0.92476
0.904769
0.888625
0.972616
0.962933
0.948542
0.936332
0.993197
0.98807
0.979386
0.971303
0.999998
0.999373
0.996469
0.992678
0
0
0
0
0
0
0
0
0
0
0
0
0
0
0
0
0
0
0
0
0
0
0
0
0
0
0
0
0
0
0
0
0
0
0
0
0
0
0
0
0
0
0
0
0.242518
0.195848
0.156267
0.135219
0.37066
0.33118
0.290237
0.264873
0.489919
0.454991
0.415509
0.389191
0.600096
0.569131
0.532261
0.506516
0.699703
0.67265
0.639191
0.614996
0.787171
0.764155
0.734753
0.712841
0.861065
0.842254
0.817449
0.798412
0.920152
0.905702
0.885939
0.870262
0.963437
0.953465
0.939095
0.927174
0.990189
0.984756
0.976032
0.968179
0.999958
0.999058
0.996132
0.992579
0.131286
0.134216
0.138241
0.14149
0.143285
0.146776
0.151593
0.155502
0.157667
0.161895
0.16776
0.172547
0.175209
0.180429
0.187717
0.193707
0.197054
0.203652
0.212937
0.220633
0.22496
0.233541
0.24574
0.255957
0.261744
0.27331
0.289958
0.304086
0.312161
0.32846
0.352282
0.372822
0.384692
0.408923
0.44495
0.476531
0.494968
0.532944
0.589922
0.639882
0.668823
0.727269
0.809684
0.873618
0.905863
0.957882
0.996747
0.996242
0.242518
0.195848
0.156267
0.135219
0.37066
0.33118
0.290237
0.264873
0.489919
0.454991
0.415509
0.389191
0.600096
0.569131
0.532261
0.506516
0.699703
0.67265
0.639191
0.614996
0.787171
0.764155
0.734753
0.712841
0.861065
0.842254
0.817449
0.798412
0.920152
0.905702
0.885939
0.870262
0.963437
0.953465
0.939095
0.927174
0.990189
0.984756
0.976032
0.968179
0.260325
0.26613
0.27409
0.280506
0.284044
0.290919
0.300379
0.308035
0.312268
0.320515
0.331912
0.341174
0.34631
0.356345
0.370277
0.381651
0.387977
0.400378
0.417672
0.431856
0.439768
0.455322
0.477102
0.495031
0.505053
0.524789
0.552475
0.575274
0.588011
0.613049
0.647995
0.676527
0.692333
0.723054
0.764931
0.798006
0.815804
0.849123
0.891297
0.921369
0.936153
0.960759
0.984966
0.996104
0.999109
0.999006
0.987755
0.971318
0.135219
0.156267
0.195848
0.242518
0.242518
0.195848
0.156267
0.135219
0.37066
0.33118
0.290237
0.264873
0.489919
0.454991
0.415509
0.389191
0.600096
0.569131
0.532261
0.506516
0.699703
0.67265
0.639191
0.614996
0.787171
0.764155
0.734753
0.712841
0.861065
0.842254
0.817449
0.798412
0.920152
0.905702
0.885939
0.870262
0.963437
0.953465
0.939095
0.927174
0.384909
0.393478
0.405192
0.414603
0.41978
0.429812
0.443556
0.454622
0.460718
0.472544
0.488775
0.501863
0.509078
0.523088
0.542327
0.557845
0.566398
0.582996
0.605755
0.624065
0.634134
0.653612
0.680159
0.701345
0.712916
0.735119
0.76492
0.788249
0.800794
0.824421
0.855077
0.878078
0.890031
0.911644
0.937655
0.955357
0.963828
0.977637
0.991013
0.997306
0.999168
0.999788
0.994965
0.987108
0.981536
0.968691
0.947799
0.929164
0.264873
0.290237
0.33118
0.37066
0.135219
0.156267
0.195848
0.242518
0.242518
0.195848
0.156267
0.135219
0.37066
0.33118
0.290237
0.264873
0.489919
0.454991
0.415509
0.389191
0.600096
0.569131
0.532261
0.506516
0.699703
0.67265
0.639191
0.614996
0.787171
0.764155
0.734753
0.712841
0.861065
0.842254
0.817449
0.798412
0.920152
0.905702
0.885939
0.870262
0.502907
0.514071
0.529259
0.541396
0.548046
0.560874
0.578318
0.592245
0.599869
0.614558
0.634484
0.650343
0.659
0.67563
0.698058
0.715781
0.725402
0.74376
0.76823
0.787293
0.797529
0.816811
0.841942
0.861001
0.871021
0.889449
0.912463
0.929032
0.937392
0.952039
0.968769
0.979471
0.984339
0.99179
0.997989
0.999911
0.999911
0.997989
0.99179
0.984339
0.979471
0.968769
0.952039
0.937392
0.929032
0.912463
0.889449
0.871021
0.389191
0.415509
0.454991
0.489919
0.264873
0.290237
0.33118
0.37066
0.135219
0.156267
0.195848
0.242518
0.242518
0.195848
0.156267
0.135219
0.37066
0.33118
0.290237
0.264873
0.489919
0.454991
0.415509
0.389191
0.600096
0.569131
0.532261
0.506516
0.699703
0.67265
0.639191
0.614996
0.787171
0.764155
0.734753
0.712841
0.861065
0.842254
0.817449
0.798412
0.612298
0.625829
0.644097
0.658569
0.666446
0.681533
0.701797
0.717751
0.726393
0.742854
0.764751
0.781796
0.790948
0.808208
0.830776
0.84799
0.857091
0.873955
0.895343
0.911076
0.919164
0.933677
0.951065
0.962982
0.968767
0.978455
0.988594
0.994284
0.996538
0.999261
0.999796
0.997884
0.996052
0.99113
0.981926
0.972891
0.967428
0.956064
0.939293
0.925169
0.91726
0.901812
0.8807
0.863979
0.854932
0.837783
0.815235
0.797947
0.506516
0.532261
0.569131
0.600096
0.389191
0.415509
0.454991
0.489919
0.264873
0.290237
0.33118
0.37066
0.135219
0.156267
0.195848
0.242518
0.242518
0.195848
0.156267
0.135219
0.37066
0.33118
0.290237
0.264873
0.489919
0.454991
0.415509
0.389191
0.600096
0.569131
0.532261
0.506516
0.699703
0.67265
0.639191
0.614996
0.787171
0.764155
0.734753
0.712841
0.71121
0.726812
0.747615
0.763856
0.7726
0.78914
0.810892
0.827604
0.836491
0.853071
0.874363
0.890268
0.898548
0.913624
0.932179
0.94535
0.951936
0.96338
0.976301
0.984484
0.988186
0.993823
0.998491
0.999933
0.999933
0.998491
0.993823
0.988186
0.984484
0.976301
0.96338
0.951936
0.94535
0.932179
0.913624
0.898548
0.890268
0.874363
0.853071
0.836491
0.827604
0.810892
0.78914
0.7726
0.763856
0.747615
0.726812
0.71121
0.614996
0.639191
0.67265
0.699703
0.506516
0.532261
0.569131
0.600096
0.389191
0.415509
0.454991
0.489919
0.264873
0.290237
0.33118
0.37066
0.135219
0.156267
0.195848
0.242518
0.242518
0.195848
0.156267
0.135219
0.37066
0.33118
0.290237
0.264873
0.489919
0.454991
0.415509
0.389191
0.600096
0.569131
0.532261
0.506516
0.699703
0.67265
0.639191
0.614996
0.797947
0.815235
0.837783
0.854932
0.863979
0.8807
0.901812
0.91726
0.925169
0.939293
0.956064
0.967428
0.972891
0.981926
0.99113
0.996052
0.997884
0.999796
0.999261
0.996538
0.994284
0.988594
0.978455
0.968767
0.962982
0.951065
0.933677
0.919164
0.911076
0.895343
0.873955
0.857091
0.84799
0.830776
0.808208
0.790948
0.781796
0.764751
0.742854
0.726393
0.717751
0.701797
0.681533
0.666446
0.658569
0.644097
0.625829
0.612298
0.712841
0.734753
0.764155
0.787171
0.614996
0.639191
0.67265
0.699703
0.506516
0.532261
0.569131
0.600096
0.389191
0.415509
0.454991
0.489919
0.264873
0.290237
0.33118
0.37066
0.135219
0.156267
0.195848
0.242518
0.242518
0.195848
0.156267
0.135219
0.37066
0.33118
0.290237
0.264873
0.489919
0.454991
0.415509
0.389191
0.600096
0.569131
0.532261
0.506516
0.871021
0.889449
0.912463
0.929032
0.937392
0.952039
0.968769
0.979471
0.984339
0.99179
0.997989
0.999911
0.999911
0.997989
0.99179
0.984339
0.979471
0.968769
0.952039
0.937392
0.929032
0.912463
0.889449
0.871021
0.861001
0.841942
0.816811
0.797529
0.787293
0.76823
0.74376
0.725402
0.715781
0.698058
0.67563
0.659
0.650343
0.634484
0.614558
0.599869
0.592245
0.578318
0.560874
0.548046
0.541396
0.529259
0.514071
0.502907
0.798412
0.817449
0.842254
0.861065
0.712841
0.734753
0.764155
0.787171
0.614996
0.639191
0.67265
0.699703
0.506516
0.532261
0.569131
0.600096
0.389191
0.415509
0.454991
0.489919
0.264873
0.290237
0.33118
0.37066
0.135219
0.156267
0.195848
0.242518
0.242518
0.195848
0.156267
0.135219
0.37066
0.33118
0.290237
0.264873
0.489919
0.454991
0.415509
0.389191
0.929164
0.947799
0.968691
0.981536
0.987108
0.994965
0.999788
0.999168
0.997306
0.991013
0.977637
0.963828
0.955357
0.937655
0.911644
0.890031
0.878078
0.855077
0.824421
0.800794
0.788249
0.76492
0.735119
0.712916
0.701345
0.680159
0.653612
0.634134
0.624065
0.605755
0.582996
0.566398
0.557845
0.542327
0.523088
0.509078
0.501863
0.488775
0.472544
0.460718
0.454622
0.443556
0.429812
0.41978
0.414603
0.405192
0.393478
0.384909
0.870262
0.885939
0.905702
0.920152
0.798412
0.817449
0.842254
0.861065
0.712841
0.734753
0.764155
0.787171
0.614996
0.639191
0.67265
0.699703
0.506516
0.532261
0.569131
0.600096
0.389191
0.415509
0.454991
0.489919
0.264873
0.290237
0.33118
0.37066
0.135219
0.156267
0.195848
0.242518
0.242518
0.195848
0.156267
0.135219
0.37066
0.33118
0.290237
0.264873
0.971318
0.987755
0.999006
0.999109
0.996104
0.984966
0.960759
0.936153
0.921369
0.891297
0.849123
0.815804
0.798006
0.764931
0.723054
0.692333
0.676527
0.647995
0.613049
0.588011
0.575274
0.552475
0.524789
0.505053
0.495031
0.477102
0.455322
0.439768
0.431856
0.417672
0.400378
0.387977
0.381651
0.370277
0.356345
0.34631
0.341174
0.331912
0.320515
0.312268
0.308035
0.300379
0.290919
0.284044
0.280506
0.27409
0.26613
0.260325
0.927174
0.939095
0.953465
0.963437
0.870262
0.885939
0.905702
0.920152
0.798412
0.817449
0.842254
0.861065
0.712841
0.734753
0.764155
0.787171
0.614996
0.639191
0.67265
0.699703
0.506516
0.532261
0.569131
0.600096
0.389191
0.415509
0.454991
0.489919
0.264873
0.290237
0.33118
0.37066
0.135219
0.156267
0.195848
0.242518
0.242518
0.195848
0.156267
0.135219
0.996242
0.996747
0.957882
0.905863
0.873618
0.809684
0.727269
0.668823
0.639882
0.589922
0.532944
0.494968
0.476531
0.44495
0.408923
0.384692
0.372822
0.352282
0.32846
0.312161
0.304086
0.289958
0.27331
0.261744
0.255957
0.24574
0.233541
0.22496
0.220633
0.212937
0.203652
0.197054
0.193707
0.187717
0.180429
0.175209
0.172547
0.16776
0.161895
0.157667
0.155502
0.151593
0.146776
0.143285
0.14149
0.138241
0.134216
0.131286
0.968179
0.976032
0.984756
0.990189
0.927174
0.939095
0.953465
0.963437
0.870262
0.885939
0.905702
0.920152
0.798412
0.817449
0.842254
0.861065
0.712841
0.734753
0.764155
0.787171
0.614996
0.639191
0.67265
0.699703
0.506516
0.532261
0.569131
0.600096
0.389191
0.415509
0.454991
0.489919
0.264873
0.290237
0.33118
0.37066
0.135219
0.156267
0.195848
0.242518
