-2.84792
-5.19795
-0.40084
-0.776648
-1.34817
-2.34952
-4.29272
-0.0450089
-0.14939
-0.365514
-0.704442
-1.16183
-1.5808
0.251778
0.249029
0.225359
0.166125
0.0851617
0.0406508
0.388127
0.410229
0.490543
0.565382
0.640654
0.725595
0.853066
1.08387
1.54965
0.455136
0.575411
0.725659
0.883364
1.05044
1.24751
1.52137
1.93829
2.41655
0.56176
0.732191
0.952988
1.19555
1.43517
1.69549
2.04966
2.57186
3.23305
0.593509
0.837941
1.157
1.52068
1.80958
2.04801
2.40627
2.9787
3.9789
0.557951
0.601683
0.855509
1.28929
1.95386
2.268
2.25498
2.54324
3.12706
3.99233
0.368082
0.506512
0.709732
1.09185
2.60773
2.92399
2.06193
2.39788
3.0227
3.70356
0.240937
0.358694
0.435344
0.414155
-0.631048
-0.333915
1.3246
2.0159
2.70288
3.4854
0.198169
0.214066
0.207233
0.108012
-0.118632
0.140277
0.901843
1.58644
2.25549
3.19153
0.0678209
0.0633489
0.0298688
0.0393602
0.242843
0.656037
1.15971
1.7222
2.4712
-0.00730102
-0.0507811
-0.0640639
-0.0282937
0.104033
0.347347
0.682064
1.10213
1.4048
-0.123393
-0.182345
-0.201061
-0.200424
-0.15352
-0.0482453
0.122966
0.38216
0.564126
-0.28505
-0.359849
-0.421589
-0.470554
-0.507253
-0.518442
-0.468438
-0.105368
-0.548841
-0.651914
-0.798448
-0.987749
-1.21608
-1.44482
-1.29439
-0.814736
-1.09083
-1.42249
-1.89691
-2.53206
-3.23503
-1.34909
-1.6819
-2.391
-3.56955
-5.69404
-3.9382
-6.2556
