-9.35597
-10.2819
22.6904
136.695
-6.57139
-6.74763
-6.6057
-6.23024
-3.03369
9.19114
32.762
62.9026
96.3218
134.962
-6.92419
-6.30671
-5.75387
-4.95146
-3.38745
0.231148
7.52799
18.6959
32.0922
47.1075
67.479
124.756
-6.33194
-5.99252
-5.40114
-4.60559
-3.43989
-1.53655
1.67247
6.66622
13.3445
21.0124
29.1348
38.0668
49.8658
75.1008
-6.1751
-5.79798
-5.24882
-4.53685
-3.59167
-2.2814
-0.393299
2.31546
5.97952
10.4764
15.4484
20.5328
25.6028
31.0682
39.4077
52.2748
-6.2654
-5.86224
-5.27882
-4.5998
-3.78484
-2.76648
-1.44296
0.307955
2.58768
5.41656
8.68763
12.185
15.6721
19.0046
22.2821
26.2349
33.9596
72.8472
-6.09293
-5.48816
-4.80101
-4.01868
-3.13935
-2.11437
-0.849613
0.737637
2.68498
4.96974
7.50069
10.1322
12.7061
15.1094
17.3488
19.6869
23.1397
31.2743
-5.84139
-5.17724
-4.3782
-3.46802
-2.5538
-1.60269
-0.445488
0.991618
2.70059
4.63356
6.70876
8.81814
10.8483
12.711
14.3809
15.9519
17.8083
21.8785
-6.16495
-5.66824
-4.97811
-4.05451
-2.83873
-1.90802
-1.24074
-0.221049
1.11523
2.67941
4.40245
6.20872
8.01103
9.72043
11.2631
12.6001
13.7516
14.8541
16.5257
85.783
-6.05317
-5.61424
-4.96958
-4.08627
-2.00957
-1.07258
-1.25959
-0.210504
1.13252
2.64775
4.27478
5.9486
7.59425
9.13436
10.501
11.6475
12.5585
13.2634
13.9219
26.9143
-6.33259
-5.65723
-5.11946
-4.62406
-5.09142
-4.15389
-1.79688
-0.362796
1.0853
2.63076
4.25575
5.908
7.51712
9.00688
10.3075
11.3657
12.1486
12.6356
12.7367
6.22065
-6.94446
-5.71858
-5.25325
-4.81877
-4.44405
-3.51106
-2.00163
-0.502365
1.02908
2.65132
4.35546
6.08953
7.77592
9.32755
10.6641
11.7244
12.4708
12.873
12.7873
-3.19688
-5.8226
-5.33868
-4.81935
-4.18235
-3.26197
-2.03139
-0.605461
0.976541
2.7148
4.5837
6.51608
8.41116
10.1549
11.6445
12.8102
13.627
14.1151
14.3826
-5.89868
-5.42467
-4.87572
-4.19167
-3.29852
-2.1569
-0.764211
0.886126
2.80002
4.94672
7.23522
9.52099
11.6394
13.4488
14.8729
15.942
16.8845
18.7521
-5.72614
-5.55372
-5.02614
-4.36901
-3.52712
-2.44392
-1.0629
0.684509
2.85682
5.44721
8.33609
11.3017
14.0919
16.5068
18.4829
20.2557
22.9438
36.3921
-5.59365
-5.25237
-4.67972
-3.92184
-2.92001
-1.57743
0.265814
2.79212
6.08527
9.99585
14.1542
18.163
21.7761
25.0391
29.0745
33.9579
-5.49978
-5.12732
-4.46196
-3.59309
-2.38306
-0.531551
2.4253
6.8611
12.624
19.0038
25.3738
31.7619
39.0982
52.9638
-5.80408
-5.06665
-4.4164
-3.51573
-1.94957
1.37306
7.80406
17.4196
28.5795
40.3223
55.1711
95.0688
-4.9847
-5.12835
-4.79555
-4.25183
-1.26971
9.39824
29.661
54.9569
81.006
108.627
-6.86277
-7.35163
20.8907
117.826
