-13.884
-17.1503
-24.8765
-2.74101
-3.4618
-4.43887
-5.54283
-6.9545
-8.77206
-11.219
-14.6128
-19.6411
-30.6971
-0.380431
-0.691902
-1.02172
-1.4535
-1.96707
-2.57595
-3.31551
-4.21172
-5.30242
-6.63857
-8.28091
-10.2951
-12.7444
-15.4464
0.746039
0.686861
0.511957
0.330074
0.121887
-0.123543
-0.41338
-0.753486
-1.14887
-1.60389
-2.11949
-2.68862
-3.28716
-3.85365
-4.23415
-3.86096
4.02481
1.4558
1.44018
1.38809
1.33034
1.26063
1.17587
1.07583
0.959816
0.827602
0.680536
0.522513
0.361381
0.211172
0.0954005
0.0513607
0.134461
0.423558
1.12974
5.43936
1.91168
1.95454
1.98496
2.01091
2.03286
2.05128
2.06704
2.08107
2.09481
2.11061
2.13206
2.16458
2.21615
2.29824
2.42683
2.62366
2.91717
3.34278
3.93607
4.60963
2.51371
2.19687
2.28895
2.36645
2.44161
2.52059
2.60354
2.69067
2.78283
2.8815
2.9888
3.1076
3.24177
3.3964
3.57809
3.7953
4.05863
4.38101
4.77763
5.26526
5.85964
6.5591
7.12959
2.172
2.4614
2.56639
2.67414
2.78908
2.91145
3.04167
3.18059
3.32932
3.48936
3.66272
3.8521
4.06095
4.29364
4.55555
4.85312
5.19397
5.58683
6.0414
6.56804
7.1771
7.87801
8.67892
9.58895
10.5021
2.62688
2.74935
2.88411
3.0289
3.18406
3.35027
3.5283
3.71904
3.92365
4.14368
4.3812
4.63899
4.92062
5.23051
5.57394
5.95697
6.38635
6.86938
7.41373
8.02725
8.71796
9.49529
10.3823
11.5793
17.0871
2.7134
2.84552
2.99821
3.16368
3.34229
3.53486
3.74206
3.96448
4.20267
4.45725
4.72916
5.01993
5.33196
5.66868
6.03459
6.43511
6.87633
7.36473
7.90693
8.50941
9.17831
9.919
10.7352
11.629
12.661
15.6399
2.69469
2.85437
3.02084
3.19812
3.3905
3.59972
3.82692
4.07283
4.33771
4.62121
4.9225
5.24068
5.57546
5.92803
6.30158
6.70136
7.1341
7.60714
8.12778
8.70278
9.3383
10.0399
10.8128
11.6618
12.5879
13.5347
13.4578
2.80193
2.96447
3.14116
3.33558
3.54943
3.78466
4.04325
4.32671
4.6355
4.96825
5.32118
5.68834
6.06356
6.44383
6.83211
7.23733
7.67155
8.14662
8.67223
9.2556
9.90212
10.6161
11.4015
12.2621
13.1994
14.1576
13.617
2.64816
2.83591
3.00628
3.19154
3.39601
3.62281
3.87553
4.15843
4.47619
4.83301
5.23019
5.66172
6.10913
6.54297
6.93913
7.30031
7.65603
8.04116
8.47952
8.9825
9.55411
10.1954
10.907
11.6895
12.544
13.4737
14.489
15.4442
2.70151
2.81763
2.98143
3.16513
3.36817
3.59375
3.84668
4.13391
4.46576
4.85775
5.33198
5.91164
6.58673
7.23202
7.63324
7.79284
7.93005
8.175
8.54258
9.01446
9.57338
10.2086
10.9147
11.6897
12.5339
13.4496
14.4256
14.9701
2.58432
2.73059
2.89124
3.06422
3.2524
3.45853
3.68592
3.93944
4.22723
4.565
4.98875
5.5991
6.74778
9.46455
9.86094
7.9392
7.5923
7.79495
8.19985
8.71073
9.29591
9.94388
10.6507
11.4158
12.24
13.1228
14.0296
14.4487
2.47856
2.60989
2.74984
2.90215
3.06585
3.24049
3.42525
3.618
3.81352
3.99923
4.14252
4.14631
3.66266
1.66578
2.04832
4.81234
6.06935
6.84923
7.50394
8.13446
8.77721
9.44836
10.1564
10.9063
11.7002
12.5382
13.4575
15.7584
2.26331
2.43159
2.5621
2.69531
2.83491
2.98006
3.12841
3.27573
3.41461
3.53267
3.61118
3.63054
3.60455
3.66248
4.02284
4.68758
5.44208
6.16092
6.83401
7.48458
8.13478
8.80023
9.49136
10.2154
10.9788
11.7974
12.8216
17.0754
2.18145
2.23685
2.34475
2.45997
2.57994
2.70389
2.83078
2.95904
3.08689
3.21324
3.34014
3.47725
3.64688
3.88262
4.21295
4.63979
5.13844
5.67902
6.24284
6.82371
7.42282
8.04421
8.69229
9.3708
10.0826
10.8309
11.6247
12.3504
2.01502
2.10737
2.20599
2.3082
2.41504
2.527
2.64465
2.76923
2.9033
3.05154
3.22137
3.42266
3.66584
3.9585
4.30257
4.69433
5.12715
5.59484
6.09351
6.62177
7.18005
7.76963
8.39183
9.04631
9.71886
10.202
5.87182
1.83418
1.86847
1.93473
2.01695
2.10599
2.20153
2.30465
2.41714
2.54158
2.68154
2.8414
3.02604
3.24014
3.48733
3.76966
4.08758
4.44048
4.82746
5.24797
5.70213
6.19073
6.71504
7.27672
7.87769
8.51454
9.06664
6.96706
1.55673
1.64351
1.70372
1.77183
1.84677
1.92864
2.01884
2.11942
2.23287
2.36201
2.5098
2.67914
2.87265
3.09251
3.34054
3.61826
3.92719
4.26898
4.64557
5.05908
5.51167
6.005
6.53936
7.11694
7.85814
11.8175
1.28153
1.36221
1.4145
1.46595
1.52028
1.57977
1.64631
1.72171
1.80788
1.90685
2.02075
2.15179
2.30227
2.47464
2.67153
2.89595
3.15129
3.44139
3.77052
4.14326
4.56455
5.04131
5.59961
6.53199
14.0344
1.01167
1.05691
1.07276
1.09047
1.11247
1.13798
1.16772
1.20274
1.2443
1.2939
1.35336
1.42488
1.51115
1.61544
1.74182
1.89524
2.08163
2.30789
2.58168
2.9109
3.30297
3.76403
4.2992
4.85686
0.565167
0.643993
0.651394
0.632699
0.612884
0.592887
0.571913
0.550096
0.528207
0.507457
0.489544
0.476818
0.472547
0.481231
0.508956
0.563744
0.655814
0.797611
1.00324
1.28574
1.63709
1.7555
-5.2095
0.164544
0.144992
0.090929
0.0236278
-0.0546026
-0.143181
-0.241303
-0.348722
-0.465047
-0.589298
-0.719527
-0.852268
-0.981819
-1.09936
-1.19186
-1.24097
-1.22183
-1.10272
-0.852104
-0.585162
-3.82056
-0.408597
-0.491745
-0.642152
-0.799542
-0.973003
-1.16834
-1.38642
-1.62904
-1.8979
-2.1934
-2.51374
-2.85361
-3.20222
-3.54018
-3.83559
-4.03979
-4.08018
-3.72922
0.563651
-1.24495
-1.34336
-1.62002
-1.90009
-2.20905
-2.56153
-2.96611
-3.4298
-3.95879
-4.55919
-5.23443
-5.98105
-6.78046
-7.58024
-8.24174
-8.20836
-0.277428
-2.47125
-2.86777
-3.27685
-3.79829
-4.40683
-5.11352
-5.95575
-6.95972
-8.16349
-9.61848
-11.386
-13.533
-16.1255
-18.9528
-4.92783
-5.703
-6.74541
-7.90297
-9.36107
-11.2136
-13.6747
-17.0489
-21.9994
-32.9486
-15.711
-18.9132
-26.4677
