-2.69799
-6.98347
-1.20939
-1.79145
-2.82818
-5.21469
-16.4459
-0.973875
-1.47217
-2.25229
-3.661
-6.82615
-19.3754
-0.602742
-0.998325
-1.5612
-2.43617
-3.96503
-7.27926
-21.708
-0.278901
-0.531928
-0.917109
-1.47841
-2.33315
-3.77746
-6.82205
-21.2996
0.0760104
-0.112011
-0.359581
-0.718703
-1.23265
-1.98308
-3.19744
-5.69531
-17.5466
0.21376
0.109768
-0.091206
-0.409295
-0.857259
-1.4523
-2.33291
-4.07198
-11.4626
0.452475
0.409918
0.288222
0.00898204
-0.41134
-0.83277
-1.2951
-2.11911
-5.20728
0.674085
0.710708
0.782902
0.835509
0.611117
-0.0394828
-0.261929
-0.186974
0.00502571
0.849531
0.748405
0.936634
1.15722
1.57019
2.30763
-0.723644
0.15911
0.95385
2.1804
7.93304
0.984887
1.1157
1.38208
1.87183
2.71886
-0.152824
0.974467
2.18443
4.30136
14.5138
0.981174
1.19535
1.43931
1.71997
1.81773
1.63694
2.13567
3.4368
6.2649
19.0256
1.24148
1.45686
1.69565
1.93049
2.26298
3.00153
4.5164
7.93853
22.1041
1.26633
1.47127
1.74162
2.09569
2.63706
3.57581
5.32206
9.2353
27.1083
1.15774
1.46885
1.77142
2.1927
2.83718
3.89853
5.81222
10.0638
31.5054
1.47028
1.74184
2.18731
2.86435
3.96631
5.94468
10.3376
32.3236
1.62628
2.07486
2.71255
3.76108
5.66242
9.9392
29.278
1.85497
2.38129
3.27936
4.90193
8.67242
24.1775
1.93713
2.59101
3.63418
6.33859
19.287
3.41097
8.14308
