-15.5912
-18.7456
-26.9702
-9.13068
-10.0303
-11.4858
-13.2679
-15.5702
-18.6912
-23.184
-30.2922
-43.1587
-74.7441
-6.70343
-7.48067
-8.37573
-9.42384
-10.713
-12.2901
-14.269
-16.8238
-20.2296
-24.9699
-31.9641
-43.1656
-63.5445
-112.658
-5.35423
-5.86503
-6.50911
-7.2791
-8.17304
-9.22507
-10.4804
-12.0015
-13.8751
-16.228
-19.2536
-23.26
-28.7684
-36.7367
-49.1446
-70.9365
-120.587
-4.45178
-4.90759
-5.43853
-6.05509
-6.76377
-7.58643
-8.54884
-9.68415
-11.0373
-12.6701
-14.6687
-17.1571
-20.3204
-24.4491
-30.0293
-37.9537
-50.1048
-71.3973
-118.081
-3.55829
-3.94664
-4.37096
-4.85158
-5.39913
-6.02669
-6.74954
-7.5868
-8.56297
-9.70993
-11.0698
-12.6995
-14.6777
-17.1168
-20.1841
-24.1423
-29.4356
-36.8919
-48.2856
-68.2896
-112.251
-2.74665
-3.0538
-3.37317
-3.73755
-4.15168
-4.62177
-5.15695
-5.76863
-6.47082
-7.28091
-8.22095
-9.31931
-10.6133
-12.1529
-14.0075
-16.2759
-19.1062
-22.7334
-27.5573
-34.3276
-44.6404
-62.6004
-103.697
-2.25075
-2.48525
-2.75154
-3.05361
-3.39536
-3.78262
-4.2222
-4.72213
-5.29213
-5.94409
-6.6928
-7.55695
-8.5606
-9.73542
-11.1241
-12.786
-14.8065
-17.3148
-20.5173
-24.7691
-30.7406
-39.8654
-55.8268
-93.284
-1.72069
-1.90406
-2.11313
-2.35011
-2.61891
-2.92393
-3.27018
-3.66338
-4.1102
-4.61847
-5.19764
-5.85942
-6.61865
-7.49467
-8.51316
-9.70921
-11.132
-12.8531
-14.9814
-17.6914
-21.2842
-26.3278
-34.0388
-47.5889
-79.4715
-1.18578
-1.32876
-1.48167
-1.65439
-1.85135
-2.07626
-2.33311
-2.62631
-2.96062
-3.34126
-3.77399
-4.26544
-4.82369
-5.45917
-6.1859
-7.02326
-7.99842
-9.1502
-10.5357
-12.242
-14.4093
-17.2797
-21.3107
-27.4908
-38.4469
-63.0594
-0.678869
-0.785832
-0.881343
-0.990776
-1.11759
-1.26454
-1.43501
-1.63294
-1.86263
-2.1285
-2.43476
-2.78511
-3.18277
-3.63101
-4.13441
-4.7005
-5.34162
-6.0769
-6.93484
-7.95781
-9.2104
-10.7962
-12.8935
-15.8392
-20.3582
-28.343
-45.8136
-0.283728
-0.329212
-0.38125
-0.442117
-0.51424
-0.600517
-0.704564
-0.830944
-0.985178
-1.17332
-1.40084
-1.67074
-1.98193
-2.32932
-2.70685
-3.11194
-3.54894
-4.03009
-4.57542
-5.21386
-5.98742
-6.96107
-8.24437
-10.0415
-12.784
-17.5501
-28.0379
0.0784162
0.142822
0.150138
0.149898
0.146043
0.138198
0.124796
0.102973
0.0678216
0.0112798
-0.0788854
-0.218304
-0.420054
-0.681973
-0.977179
-1.26578
-1.52167
-1.74437
-1.94984
-2.15838
-2.38971
-2.66406
-3.00686
-3.45763
-4.08872
-5.05385
-6.74738
-10.7371
0.541003
0.596304
0.643468
0.694076
0.749747
0.811629
0.880871
0.958312
1.04351
1.13207
1.20878
1.23232
1.11655
0.772456
0.296112
-0.0354872
-0.125301
-0.0602761
0.0768646
0.250063
0.452049
0.690646
0.984915
1.36873
1.90402
2.7162
4.08848
6.66351
0.973633
1.0402
1.1264
1.22458
1.33587
1.46333
1.61163
1.78782
2.00304
2.27595
2.63954
3.15151
3.8513
3.71886
0.0833074
0.00145397
0.805081
1.47987
2.07484
2.66266
3.29939
4.03989
4.95445
6.15265
7.83315
10.4152
14.9754
24.8248
1.35595
1.45384
1.57707
1.71629
1.87295
2.05069
2.25479
2.49303
2.77739
3.12749
3.57744
4.18631
4.99518
4.98599
1.49035
1.56826
2.55561
3.44357
4.28868
5.17419
6.17173
7.35992
8.84733
10.8096
13.5701
17.8201
25.3927
42.5407
1.67407
1.82822
1.98476
2.15706
2.34756
2.55893
2.79416
3.05625
3.34723
3.66561
3.99955
4.31182
4.52116
4.54455
4.48553
4.63059
5.08908
5.79045
6.67441
7.73657
9.01609
10.5919
12.5978
15.2661
19.0338
24.834
35.1013
59.5155
1.88447
2.15558
2.34799
2.54767
2.76447
3.00131
3.2598
3.54064
3.84303
4.16368
4.49602
4.83114
5.16411
5.50703
5.89917
6.39615
7.04445
7.87165
8.89881
10.1579
11.7058
13.6394
16.1226
19.4432
24.1475
31.4027
44.1995
74.4098
2.47766
2.67482
2.89189
3.13055
3.39161
3.67607
3.9851
4.31978
4.68125
5.07131
5.4939
5.95734
6.47657
7.0739
7.77725
8.6174
9.6275
10.8464
12.3263
14.1435
16.4174
19.3429
23.2595
28.8088
37.3601
52.4248
87.1257
2.78727
2.93817
3.17977
3.44336
3.73003
4.04307
4.38539
4.76031
5.17207
5.62631
6.13084
6.69644
7.33759
8.07298
8.92582
9.92444
11.104
12.5099
14.2046
16.2786
18.8701
22.203
26.6653
32.992
42.7692
60.1686
98.816
3.22371
3.42433
3.69991
4.00941
4.34901
4.72238
5.13454
5.59151
6.10073
6.67153
7.31568
8.04801
8.88702
9.85588
10.9838
12.3085
13.8802
15.7685
18.0747
20.9526
24.6506
29.5975
36.6059
47.4301
66.7119
109.908
3.59939
3.8977
4.22308
4.58113
4.97729
5.41756
5.9087
6.45892
7.07842
7.77977
8.57857
9.49421
10.5511
11.7802
13.2223
14.9319
16.9847
19.4908
22.6171
26.6322
31.999
39.5911
51.2775
71.9047
120.217
4.03593
4.36367
4.72338
5.13308
5.59069
6.10259
6.67773
7.32696
8.06363
8.9043
9.86955
10.9853
12.285
13.812
15.6251
17.8057
20.4716
23.8007
28.0788
33.7974
41.8848
54.3243
76.2042
127.751
4.26842
4.77801
5.18459
5.64256
6.16036
6.74281
7.40084
8.14873
9.00405
9.98853
11.1296
12.4627
14.0343
15.9068
18.1671
20.94
24.4132
28.8855
34.868
43.3201
56.2872
79.049
131.746
5.07485
5.57372
6.0819
6.65007
7.29202
8.02368
8.86281
9.83134
10.9575
12.2779
13.8414
15.7139
17.9869
20.7923
24.327
28.9026
35.0483
43.7535
57.1413
80.8102
133.247
5.89468
6.40222
6.99455
7.68631
8.47655
9.38962
10.4538
11.7052
13.1928
14.984
17.1734
19.8977
23.3619
27.8893
34.0241
42.7716
56.2586
80.039
132.389
6.63725
7.16413
7.84876
8.67607
9.63053
10.7484
12.0774
13.6834
15.6572
18.1322
21.3117
25.521
31.3123
39.704
52.8099
75.9217
128.729
7.74511
8.54796
9.46832
10.5379
11.8546
13.4618
15.475
18.0716
21.5318
26.3489
33.4612
44.8646
65.6369
115.756
9.85544
10.7165
12.1522
13.9089
16.1792
19.2651
23.7256
30.8222
43.7658
75.835
15.4888
18.6208
26.9376
