-2.52312
-5.60537
-1.11795
-1.70109
-2.66128
-4.74389
-14.533
-0.901584
-1.38036
-2.13399
-3.45735
-6.39236
-18.0873
-0.577585
-0.943732
-1.48342
-2.32784
-3.79907
-7.00014
-21.0492
-0.237877
-0.498191
-0.87106
-1.41545
-2.2482
-3.66005
-6.64884
-20.852
0.0565341
-0.0915545
-0.330255
-0.681123
-1.18424
-1.92119
-3.11768
-5.58354
-17.2545
0.24417
0.128841
-0.0681905
-0.380774
-0.822126
-1.40941
-2.28001
-3.99921
-11.2827
0.464481
0.42427
0.304777
0.0287643
-0.387804
-0.805039
-1.26192
-2.07403
-5.10035
0.647474
0.71306
0.790688
0.845299
0.62269
-0.0260691
-0.246615
-0.169232
0.028491
0.907227
0.80334
0.943875
1.16025
1.57351
2.3115
-0.71933
0.163674
0.958513
2.18551
7.9447
0.927193
1.10765
1.37897
1.8688
2.71535
-0.157098
0.969028
2.17701
4.28944
14.4768
1.01183
1.19304
1.43169
1.71078
1.80691
1.62408
2.12014
3.41713
6.23577
18.947
1.22749
1.44313
1.68028
1.91221
2.24102
2.97494
4.48306
7.89029
21.9837
1.23865
1.45465
1.72044
2.06968
2.60506
3.5362
5.27185
9.16352
26.924
1.20401
1.44797
1.74375
2.15887
2.79406
3.84298
5.73929
9.95932
31.2264
1.41371
1.71241
2.14639
2.80967
3.8918
5.83955
10.1804
31.9162
1.60892
2.02295
2.64871
3.66815
5.51521
9.68603
28.6883
1.79251
2.32201
3.17669
4.72588
8.27274
22.9761
1.8421
2.47499
3.53214
5.90055
17.4461
3.15095
6.69837
