-0.0218014
-0.0746549
-0.0109893
-0.033416
-0.0704718
-0.131044
-0.239897
-0.00471243
-0.0253247
-0.0593623
-0.112678
-0.194959
-0.3179
0.00333166
-0.00498176
-0.0273761
-0.0664994
-0.126978
-0.215653
-0.340863
0.0116238
0.015614
0.00866498
-0.0130649
-0.0526523
-0.113434
-0.19955
-0.317394
0.00892085
0.0289781
0.0392479
0.037193
0.019052
-0.0177621
-0.0747004
-0.153246
-0.257071
0.0277999
0.0549681
0.0751181
0.0820662
0.0700689
0.0372264
-0.0145207
-0.0831833
-0.168525
0.0479945
0.0879837
0.124096
0.146678
0.142724
0.111024
0.0621773
0.00348642
-0.0627793
0.0161337
0.0679499
0.123817
0.185347
0.240441
0.245741
0.200712
0.147704
0.0980882
0.0507843
0.0273354
0.0831484
0.152627
0.24533
0.389244
0.404338
0.29071
0.228625
0.190327
0.165738
0.0232723
0.0868307
0.160981
0.259369
0.410719
0.435516
0.334449
0.288454
0.2705
0.271654
0.0212938
0.0795689
0.147631
0.225714
0.302612
0.336431
0.328409
0.322933
0.333613
0.361383
0.0630293
0.12315
0.185607
0.242882
0.284482
0.312187
0.340066
0.379245
0.432325
0.0419698
0.0953674
0.149474
0.201525
0.249131
0.2946
0.344899
0.407686
0.488344
0.0210828
0.066073
0.115438
0.16555
0.216849
0.2722
0.336897
0.417367
0.52226
0.0348051
0.080981
0.128806
0.180973
0.240639
0.313051
0.404948
0.525941
0.043791
0.0880223
0.137971
0.196594
0.2698
0.365721
0.493832
0.0433502
0.0864663
0.138396
0.204225
0.293668
0.419402
0.0239089
0.0679611
0.116267
0.181725
0.294718
0.0231567
0.0880487
