-1.11527
-1.12594
-1.10267
-0.946867
-0.984219
-1.02065
-1.06063
-1.10316
-1.14856
-1.19678
-1.24893
-1.30715
-1.3766
-0.775446
-0.809731
-0.846709
-0.885584
-0.92708
-0.971836
-1.02023
-1.07307
-1.1314
-1.19662
-1.27083
-1.3574
-1.46178
-1.59517
-0.628637
-0.660253
-0.692387
-0.726912
-0.764176
-0.804354
-0.847739
-0.894759
-0.945984
-1.00213
-1.06411
-1.13311
-1.21067
-1.29879
-1.40009
-1.51763
-1.65481
-0.509934
-0.53762
-0.566752
-0.598
-0.631625
-0.667862
-0.707026
-0.749466
-0.795576
-0.845824
-0.900779
-0.96112
-1.02767
-1.1014
-1.18347
-1.27516
-1.37792
-1.49329
-1.62175
-0.39089
-0.414173
-0.439297
-0.466299
-0.495347
-0.526661
-0.560495
-0.597125
-0.636856
-0.680027
-0.727018
-0.778261
-0.83425
-0.895546
-0.96278
-1.03665
-1.11792
-1.20737
-1.30577
-1.41401
-1.5319
-0.275119
-0.294335
-0.315035
-0.337198
-0.361096
-0.386936
-0.414922
-0.445272
-0.478226
-0.514042
-0.552997
-0.595392
-0.641552
-0.691832
-0.746619
-0.806334
-0.871429
-0.942377
-1.01966
-1.10372
-1.19493
-1.29336
-1.39844
-0.180661
-0.196912
-0.21427
-0.232964
-0.253187
-0.275138
-0.299025
-0.32507
-0.353499
-0.384542
-0.418437
-0.455423
-0.495746
-0.539661
-0.587429
-0.639328
-0.695645
-0.75668
-0.822742
-0.894137
-0.971167
-1.05411
-1.14309
-1.23873
-0.0874227
-0.100271
-0.113999
-0.128784
-0.144813
-0.162292
-0.181442
-0.202497
-0.225695
-0.251273
-0.27946
-0.310473
-0.34451
-0.381754
-0.422374
-0.466531
-0.514384
-0.566093
-0.621828
-0.681758
-0.74606
-0.814902
-0.888433
-0.966753
-1.05086
0.00268749
-0.00645642
-0.0163164
-0.0268983
-0.0383553
-0.0508884
-0.0647299
-0.0801392
-0.0973953
-0.116785
-0.138585
-0.163048
-0.190383
-0.220747
-0.254245
-0.290937
-0.330855
-0.374021
-0.420455
-0.470193
-0.523285
-0.579796
-0.639808
-0.703425
-0.770914
-0.842615
0.0885543
0.0828634
0.0767555
0.0703946
0.0636434
0.0563257
0.0482238
0.0390687
0.028536
0.0162527
0.00181571
-0.0151728
-0.0350583
-0.0580867
-0.0843747
-0.113908
-0.146573
-0.182198
-0.220603
-0.261633
-0.305173
-0.351153
-0.39955
-0.450376
-0.503685
-0.559616
-0.617543
0.165885
0.163327
0.160915
0.158624
0.156379
0.154055
0.151454
0.148289
0.144157
0.138518
0.130708
0.120001
0.105735
0.0874796
0.0651573
0.0390425
0.0096426
-0.0224657
-0.0567638
-0.0928524
-0.130459
-0.16942
-0.209646
-0.251102
-0.293762
-0.337487
-0.381169
0.243307
0.242526
0.243149
0.244518
0.246578
0.249326
0.252739
0.256741
0.261144
0.26557
0.269327
0.271279
0.269814
0.263134
0.249966
0.230266
0.205226
0.17656
0.145803
0.114015
0.0818204
0.0495369
0.0172979
-0.014862
-0.0469558
-0.0790118
-0.111039
-0.143064
0.31342
0.316264
0.32026
0.325379
0.331746
0.339522
0.348906
0.360121
0.373399
0.388887
0.406426
0.424953
0.441285
0.448973
0.441061
0.417541
0.38535
0.350923
0.317429
0.285923
0.256563
0.229205
0.20363
0.179635
0.15705
0.135736
0.115484
0.0951076
0.380135
0.386009
0.392951
0.401305
0.411332
0.423347
0.437768
0.455179
0.476429
0.50281
0.536401
0.580709
0.641218
0.714267
0.711649
0.633386
0.56773
0.518385
0.47992
0.448878
0.42324
0.401776
0.383713
0.368554
0.355982
0.345816
0.337987
0.331827
0.443035
0.450921
0.459997
0.470644
0.483137
0.497803
0.515077
0.53556
0.560118
0.590064
0.627499
0.675955
0.740937
0.818812
0.821401
0.748754
0.689153
0.646334
0.614896
0.591416
0.573906
0.56117
0.552468
0.547333
0.545476
0.546745
0.551207
0.559216
0.501547
0.51038
0.520755
0.53271
0.546419
0.562088
0.579962
0.600317
0.623438
0.649537
0.678516
0.709384
0.739032
0.761089
0.768683
0.761891
0.747742
0.732764
0.720222
0.711268
0.706162
0.704857
0.707238
0.713198
0.722671
0.735621
0.752055
0.772962
0.55589
0.564218
0.575225
0.587811
0.601923
0.617619
0.634955
0.653939
0.67448
0.696299
0.718814
0.741004
0.761383
0.778284
0.790572
0.798351
0.802964
0.806285
0.81001
0.815367
0.823149
0.833843
0.847753
0.865084
0.885994
0.910621
0.938999
0.971556
0.611975
0.623881
0.636884
0.651079
0.666519
0.6832
0.701048
0.719909
0.739519
0.75949
0.77932
0.798457
0.816425
0.832992
0.848287
0.862802
0.877273
0.89251
0.909271
0.9282
0.949813
0.974518
1.00264
1.03443
1.07009
1.10958
1.15229
0.655786
0.668208
0.681088
0.695154
0.710353
0.726635
0.743928
0.762126
0.78108
0.800608
0.820515
0.840628
0.860842
0.881167
0.901761
0.922925
0.945074
0.968694
0.994284
1.02233
1.05328
1.08752
1.12541
1.16726
1.21337
1.26418
1.31913
0.706792
0.720656
0.734729
0.74981
0.765955
0.78312
0.801257
0.820313
0.840239
0.861002
0.882597
0.905069
0.928527
0.953155
0.979213
1.00702
1.03695
1.0694
1.10478
1.14347
1.18586
1.2323
1.28312
1.33862
1.39934
1.46536
0.755666
0.769799
0.784979
0.801188
0.818425
0.836713
0.856083
0.876574
0.898243
0.921172
0.945481
0.971334
0.998944
1.02857
1.06053
1.09515
1.13282
1.17391
1.21883
1.26796
1.32166
1.38028
1.44409
1.51322
1.5884
0.80047
0.81612
0.832352
0.849529
0.867852
0.887395
0.908245
0.930504
0.954302
0.979799
1.0072
1.03673
1.06869
1.1034
1.14121
1.18252
1.22775
1.27732
1.33169
1.39127
1.45649
1.52771
1.60507
1.68926
0.844121
0.858906
0.876039
0.894138
0.913513
0.934319
0.956667
0.980696
1.00659
1.03457
1.0649
1.09789
1.1339
1.17332
1.21659
1.26419
1.31665
1.37451
1.43831
1.50857
1.58572
1.66991
1.76111
0.897841
0.914957
0.933906
0.954294
0.976177
0.999706
1.0251
1.0526
1.0825
1.11512
1.15084
1.19009
1.23337
1.28126
1.33441
1.39352
1.45937
1.53276
1.6145
1.70558
1.80599
0.948456
0.96857
0.989178
1.0113
1.03522
1.06113
1.0893
1.12005
1.15375
1.19084
1.23185
1.27744
1.32839
1.38564
1.45028
1.52357
1.6069
1.70182
1.80859
0.99409
1.01628
1.03755
1.06061
1.08584
1.11332
1.14327
1.17608
1.21224
1.25243
1.29747
1.34845
1.40679
1.47436
1.55356
1.64721
1.75818
1.05198
1.07343
1.09701
1.12165
1.14806
1.17687
1.20839
1.24331
1.28255
1.32737
1.37963
1.44237
1.52055
1.6244
1.1108
1.13187
1.15078
1.17234
1.19535
1.21998
1.24602
1.27434
1.30681
1.3485
1.08894
1.07481
1.02695
