-0.0413364
-0.0755383
-0.00890635
-0.0310691
-0.0692963
-0.127401
-0.215934
-0.00698934
-0.0247682
-0.0569582
-0.108442
-0.186191
-0.300134
0.00249604
-0.00552018
-0.0264796
-0.0638828
-0.122233
-0.20783
-0.329713
0.0102238
0.0151243
0.00879979
-0.0119032
-0.0501413
-0.109295
-0.193583
-0.309889
0.00940958
0.028234
0.0389405
0.037513
0.0201855
-0.0156308
-0.0714516
-0.148909
-0.251945
0.0263343
0.0543221
0.074903
0.0823637
0.0709831
0.0388465
-0.0121633
-0.0801668
-0.165087
0.0470219
0.0874076
0.12388
0.146844
0.143322
0.112093
0.0637124
0.00541512
-0.0606216
0.0170229
0.0675272
0.123381
0.185094
0.240419
0.24598
0.201229
0.148487
0.0990855
0.0519004
0.0245323
0.0825417
0.152231
0.245004
0.389003
0.404201
0.290686
0.228706
0.190488
0.165937
0.0256468
0.0867911
0.160645
0.258944
0.410238
0.434993
0.333889
0.287857
0.269867
0.270983
0.0195742
0.0792492
0.147271
0.225166
0.30188
0.335516
0.327313
0.321661
0.332186
0.359849
0.0631809
0.1228
0.184924
0.241894
0.283179
0.310552
0.338097
0.376979
0.429866
0.0420613
0.0948792
0.14865
0.200296
0.247457
0.292432
0.342202
0.404489
0.484796
0.0187621
0.0656916
0.114516
0.164118
0.214857
0.269543
0.333455
0.413094
0.51733
0.0348474
0.0798115
0.127249
0.178768
0.237626
0.308942
0.399422
0.519098
0.0429067
0.0865674
0.135671
0.193522
0.265432
0.358926
0.484003
0.0407996
0.0841632
0.135703
0.200847
0.28696
0.403834
0.0250444
0.0646197
0.116218
0.182749
0.274038
0.0566917
0.0940477
