1
1
1
1
1
1
1
1
1
1
1
1
1
1
1
1
1
1
1
1
1
1
1
1
1
1
1
1
1
1
1
1
1
1
1
1
1
1
1
1
-3.31119
-5.41686
-4.44251
-4.05249
-3.56223
-3.04029
-2.46969
-1.85668
-1.20963
-0.539936
0.139392
0.814393
1.47074
2.09424
2.67129
3.18926
3.63688
4.00455
4.28458
4.47144
4.5619
4.55514
4.45279
4.25893
3.97996
3.62454
3.20339
2.72905
2.21566
1.67866
1.13453
0.600525
0.0944463
-0.365488
-0.760611
-1.07148
-1.27683
-1.35191
-1.25731
-0.953981
-0.070911
-0.749404
-1.07194
-1.34688
-1.55747
-1.72559
-1.86019
-1.96817
-2.05441
-2.12266
-2.1759
-2.21654
-2.24661
-2.26783
-2.2817
-2.28954
-2.29256
-2.29183
-2.28836
-2.28308
-2.27691
-2.27071
-2.26536
-2.26175
-2.26079
-2.26348
-2.27091
-2.28432
-2.30518
-2.33529
-2.37691
-2.433
-2.50758
-2.60634
-2.73763
-2.91466
-3.15738
-3.51412
-3.99517
-5.25881
-5.29895
1
1
1
1
1
1
1
1
1
1
1
1
1
1
1
1
1
1
1
1
1
1
1
1
1
1
1
1
1
1
1
1
1
1
1
1
1
1
1
