4607.23
4631.71
4636.46
4628.6
4612.79
4592.07
4568.46
4543.31
4517.53
4491.73
4466.33
4441.62
4417.77
4394.9
4373.1
4352.38
4332.78
4314.28
4296.87
4280.52
4265.21
4250.9
4237.55
4225.12
4213.57
4202.86
4192.95
4183.78
4175.33
4167.55
4160.39
4153.83
4147.81
4142.29
4137.24
4132.62
4128.39
4124.52
4120.95
4117.67
4114.62
4111.78
4109.1
4106.56
4104.1
4101.7
4099.32
4096.92
4094.47
4091.92
4089.24
4086.39
4083.33
4080.01
4076.41
4072.46
4068.14
4063.4
4058.19
4052.47
4046.18
4039.28
4031.71
4023.42
4014.36
4004.47
3993.67
3981.92
3969.14
3955.27
3940.22
3923.92
3906.29
3887.23
3866.66
3844.48
3820.57
3794.83
3767.12
3737.31
3705.27
3670.82
3633.8
3594.01
3551.23
3505.24
3455.76
3402.48
3345.07
3283.14
3216.22
3143.8
3065.29
2980.02
2887.23
2786.17
2676.15
2556.87
2429.07
2296.02
2167.05
1835.27
1899.65
1953.11
1997.27
2033.65
2063.62
2088.38
2108.91
2126.04
2140.44
2152.66
2163.15
2172.25
2180.26
2187.4
2193.87
2199.8
2205.32
2210.52
2215.48
2220.25
2224.89
2229.43
2233.89
2238.3
2242.68
2247.02
2251.35
2255.65
2259.94
2264.2
2268.43
2272.63
2276.79
2280.9
2284.94
2288.92
2292.8
2296.59
2300.26
2303.81
2307.21
2310.45
2313.52
2316.39
2319.05
2321.49
2323.67
2325.59
2327.22
2328.54
2329.53
2330.17
2330.43
2330.29
2329.73
2328.73
2327.24
2325.26
2322.74
2319.67
2316.01
2311.72
2306.78
2301.15
2294.79
2287.67
2279.75
2270.98
2261.32
2250.72
2239.14
2226.51
2212.8
2197.93
2181.85
2164.5
2145.79
2125.67
2104.06
2080.87
2056.02
2029.44
2001.05
1970.76
1938.51
1904.24
1867.95
1829.65
1789.43
1747.52
1704.28
1660.37
1616.83
1575.33
1538.48
1510.39
1497.55
1510.31
1565.56
1691.83
1045.93
1090.67
1131.4
1168.26
1201.48
1231.33
1258.12
1282.18
1303.8
1323.28
1340.9
1356.89
1371.46
1384.82
1397.13
1408.54
1419.17
1429.12
1438.5
1447.38
1455.83
1463.9
1471.64
1479.09
1486.28
1493.25
1500
1506.57
1512.96
1519.18
1525.24
1531.15
1536.91
1542.52
1547.98
1553.28
1558.43
1563.41
1568.23
1572.87
1577.33
1581.59
1585.66
1589.51
1593.14
1596.54
1599.68
1602.57
1605.19
1607.52
1609.54
1611.25
1612.62
1613.65
1614.3
1614.57
1614.44
1613.88
1612.88
1611.41
1609.46
1606.99
1604
1600.45
1596.32
1591.58
1586.21
1580.18
1573.46
1566.03
1557.85
1548.89
1539.13
1528.54
1517.08
1504.73
1491.47
1477.28
1462.13
1446.03
1428.96
1410.96
1392.04
1372.28
1351.76
1330.63
1309.09
1287.42
1266.02
1245.43
1226.42
1210
1197.61
1191.2
1193.5
1208.33
1241.18
1300.1
1397.28
1552.08
1797.34
706.559
737.344
766.466
793.879
819.581
843.601
865.999
886.85
906.247
924.29
941.081
956.724
971.319
984.964
997.748
1009.76
1021.07
1031.75
1041.86
1051.47
1060.62
1069.36
1077.72
1085.75
1093.46
1100.89
1108.06
1114.98
1121.67
1128.15
1134.42
1140.49
1146.37
1152.06
1157.56
1162.88
1168.02
1172.97
1177.73
1182.3
1186.67
1190.84
1194.8
1198.54
1202.06
1205.35
1208.4
1211.21
1213.75
1216.02
1218.01
1219.71
1221.1
1222.17
1222.92
1223.32
1223.36
1223.03
1222.32
1221.2
1219.67
1217.7
1215.29
1212.41
1209.05
1205.19
1200.83
1195.94
1190.51
1184.53
1177.99
1170.87
1163.17
1154.89
1146.03
1136.6
1126.61
1116.08
1105.05
1093.57
1081.71
1069.56
1057.24
1044.92
1032.79
1021.13
1010.28
1000.69
992.918
987.704
985.999
989.045
998.475
1016.47
1045.96
1091.03
1157.45
1253.73
1392.94
1596.41
1901.71
526.463
548.75
570.243
590.895
610.677
629.57
647.573
664.694
680.953
696.377
711.001
724.862
738.003
750.467
762.296
773.533
784.22
794.396
804.099
813.364
822.223
830.706
838.84
846.649
854.156
861.38
868.338
875.045
881.514
887.757
893.781
899.596
905.207
910.619
915.835
920.857
925.686
930.324
934.767
939.016
943.067
946.916
950.56
953.995
957.214
960.212
962.983
965.519
967.813
969.859
971.646
973.168
974.415
975.378
976.049
976.416
976.472
976.206
975.609
974.67
973.382
971.734
969.718
967.326
964.55
961.385
957.825
953.867
949.51
944.754
939.604
934.067
928.157
921.89
915.292
908.396
901.244
893.891
886.408
878.882
871.422
864.165
857.28
850.976
845.512
841.211
838.469
837.786
839.781
845.24
855.159
870.817
893.883
926.568
971.864
1033.94
1118.76
1235.29
1397.6
1629.32
1973.57
418.103
434.855
451.248
467.225
482.745
497.778
512.302
526.307
539.787
552.744
565.185
577.121
588.565
599.535
610.049
620.126
629.787
639.053
647.942
656.476
664.673
672.551
680.128
687.418
694.436
701.195
707.709
713.986
720.037
725.871
731.493
736.911
742.129
747.151
751.98
756.619
761.068
765.328
769.399
773.281
776.97
780.466
783.766
786.866
789.763
792.453
794.931
797.192
799.232
801.045
802.625
803.966
805.063
805.91
806.5
806.829
806.889
806.676
806.184
805.409
804.346
802.992
801.344
799.4
797.162
794.629
791.805
788.697
785.312
781.662
777.763
773.635
769.304
764.803
760.171
755.457
750.723
746.04
741.498
737.205
733.289
729.907
727.248
725.541
725.062
726.149
729.213
734.761
743.421
755.979
773.428
797.044
828.491
869.989
924.565
996.478
1091.93
1220.37
1396.96
1647.81
2022.16
346.286
359.527
372.543
385.311
397.809
410.016
421.914
433.491
444.735
455.641
466.205
476.427
486.309
495.855
505.073
513.969
522.552
530.832
538.818
546.521
553.95
561.116
568.029
574.698
581.131
587.337
593.324
599.098
604.667
610.035
615.207
620.188
624.981
629.59
634.016
638.261
642.326
646.212
649.918
653.445
656.791
659.954
662.934
665.728
668.333
670.747
672.967
674.989
676.811
678.429
679.839
681.038
682.022
682.788
683.334
683.655
683.749
683.615
683.25
682.655
681.828
680.771
679.486
677.977
676.249
674.309
672.168
669.836
667.33
664.669
661.877
658.98
656.015
653.022
650.049
647.156
644.412
641.899
639.714
637.974
636.816
636.402
636.927
638.624
641.772
646.706
653.836
663.663
676.805
694.037
716.339
744.975
781.606
828.458
888.601
966.398
1068.29
1204.23
1390.51
1655.8
2055.85
296.108
306.756
317.306
327.725
337.991
348.082
357.982
367.677
377.154
386.406
395.425
404.206
412.748
421.048
429.107
436.926
444.509
451.857
458.976
465.869
472.542
478.999
485.246
491.287
497.127
502.771
508.223
513.488
518.57
523.471
528.195
532.745
537.122
541.33
545.368
549.239
552.942
556.48
559.85
563.054
566.09
568.958
571.656
574.183
576.538
578.719
580.724
582.552
584.199
585.666
586.949
588.047
588.959
589.683
590.219
590.565
590.722
590.691
590.473
590.07
589.486
588.724
587.791
586.694
585.442
584.048
582.524
580.887
579.158
577.36
575.522
573.677
571.863
570.127
568.523
567.113
565.971
565.182
564.847
565.084
566.032
567.853
570.742
574.927
580.682
588.339
598.296
611.045
627.192
647.498
672.93
704.743
744.592
794.717
858.232
939.607
1045.52
1186.42
1379.72
1656.68
2079.92
259.039
267.844
276.598
285.278
293.867
302.347
310.706
318.929
327.007
334.93
342.691
350.283
357.701
364.942
372.003
378.883
385.58
392.096
398.43
404.583
410.558
416.356
421.979
427.429
432.708
437.819
442.765
447.546
452.166
456.625
460.926
465.071
469.059
472.894
476.574
480.102
483.476
486.698
489.768
492.685
495.448
498.058
500.514
502.814
504.959
506.947
508.777
510.449
511.962
513.315
514.508
515.54
516.412
517.124
517.677
518.072
518.312
518.398
518.335
518.127
517.78
517.301
516.697
515.98
515.161
514.254
513.276
512.247
511.19
510.13
509.1
508.135
507.276
506.572
506.078
505.858
505.988
506.552
507.652
509.405
511.947
515.439
520.069
526.062
533.686
543.261
555.18
569.92
588.076
610.397
637.839
671.646
713.474
765.575
831.106
914.641
1023.08
1167.36
1365.97
1652.81
2097.62
230.577
238.027
245.436
252.796
260.097
267.328
274.478
281.537
288.496
295.346
302.079
308.69
315.173
321.522
327.735
333.809
339.74
345.528
351.17
356.667
362.018
367.223
372.281
377.195
381.963
386.587
391.067
395.405
399.6
403.655
407.569
411.343
414.977
418.473
421.83
425.048
428.128
431.07
433.874
436.539
439.066
441.453
443.701
445.81
447.779
449.608
451.297
452.846
454.255
455.525
456.655
457.648
458.503
459.223
459.811
460.268
460.599
460.808
460.899
460.879
460.756
460.538
460.234
459.858
459.423
458.944
458.441
457.934
457.448
457.011
456.656
456.419
456.342
456.475
456.874
457.601
458.733
460.352
462.559
465.468
469.212
473.947
479.858
487.162
496.119
507.043
520.315
536.404
555.892
579.517
608.224
643.251
686.252
739.491
806.167
890.948
1000.94
1147.55
1350.31
1645.73
2110.96
208.255
214.575
220.898
227.206
233.484
239.719
245.903
252.025
258.077
264.051
269.94
275.738
281.44
287.04
292.535
297.92
303.194
308.352
313.393
318.315
323.116
327.796
332.354
336.788
341.099
345.286
349.348
353.286
357.1
360.79
364.355
367.796
371.113
374.305
377.373
380.317
383.136
385.831
388.401
390.847
393.168
395.364
397.436
399.383
401.205
402.904
404.478
405.93
407.259
408.467
409.556
410.526
411.381
412.122
412.754
413.279
413.703
414.031
414.269
414.425
414.506
414.524
414.488
414.413
414.312
414.204
414.107
414.043
414.038
414.121
414.324
414.684
415.245
416.053
417.165
418.643
420.56
423
426.058
429.846
434.493
440.152
447
455.25
465.155
477.02
491.218
508.206
528.558
553.001
582.47
618.196
661.832
715.653
782.894
868.307
979.195
1127.39
1333.44
1636.46
2121.25
190.044
195.541
201.032
206.513
211.975
217.41
222.811
228.169
233.477
238.729
243.919
249.039
254.086
259.055
263.94
268.739
273.448
278.064
282.584
287.006
291.327
295.547
299.663
303.675
307.58
311.379
315.07
318.653
322.127
325.491
328.746
331.89
334.924
337.847
340.659
343.36
345.949
348.427
350.794
353.048
355.192
357.224
359.144
360.954
362.654
364.244
365.726
367.1
368.368
369.531
370.592
371.552
372.415
373.185
373.864
374.458
374.973
375.413
375.786
376.101
376.366
376.592
376.792
376.978
377.166
377.374
377.622
377.932
378.329
378.843
379.505
380.354
381.429
382.78
384.46
386.531
389.064
392.138
395.849
400.304
405.629
411.97
419.502
428.431
439.002
451.514
466.33
483.901
504.789
529.712
559.596
595.664
639.568
693.592
760.999
846.62
957.934
1107.18
1315.87
1625.69
2129.34
175.04
179.834
184.636
189.438
194.231
199.01
203.766
208.494
213.186
217.837
222.44
226.992
231.486
235.919
240.286
244.584
248.808
252.956
257.025
261.013
264.916
268.734
272.463
276.103
279.652
283.108
286.471
289.739
292.912
295.988
298.968
301.85
304.633
307.318
309.904
312.391
314.779
317.067
319.255
321.344
323.333
325.224
327.016
328.709
330.306
331.806
333.211
334.523
335.743
336.873
337.916
338.874
339.751
340.552
341.279
341.939
342.537
343.08
343.576
344.032
344.46
344.869
345.272
345.684
346.119
346.596
347.135
347.757
348.489
349.358
350.397
351.642
353.135
354.92
357.052
359.59
362.603
366.168
370.378
375.337
381.167
388.01
396.035
405.443
416.474
429.419
444.633
462.559
483.75
508.915
538.97
575.133
619.05
673.012
740.308
825.835
937.233
1087.12
1297.94
1613.9
2135.8
162.404
166.62
170.852
175.092
179.332
183.565
187.785
191.985
196.161
200.306
204.416
208.486
212.511
216.487
220.411
224.278
228.085
231.83
235.508
239.118
242.657
246.123
249.514
252.828
256.063
259.219
262.292
265.283
268.19
271.012
273.748
276.398
278.961
281.437
283.824
286.123
288.333
290.455
292.488
294.432
296.288
298.057
299.738
301.332
302.841
304.266
305.608
306.869
308.051
309.156
310.188
311.149
312.043
312.874
313.648
314.369
315.043
315.679
316.283
316.865
317.434
318.002
318.581
319.185
319.83
320.534
321.316
322.199
323.208
324.37
325.717
327.285
329.113
331.246
333.736
336.641
340.027
343.971
348.561
353.898
360.1
367.308
375.683
385.423
396.76
409.98
425.432
443.548
464.875
490.111
520.166
556.247
599.998
653.712
720.699
805.914
917.141
1067.35
1279.87
1601.42
2141.04
151.549
155.306
159.073
162.848
166.626
170.401
174.17
177.926
181.664
185.381
189.071
192.73
196.354
199.939
203.481
206.977
210.424
213.819
217.158
220.44
223.662
226.821
229.915
232.944
235.904
238.794
241.613
244.359
247.032
249.63
252.152
254.597
256.966
259.256
261.469
263.603
265.658
267.634
269.531
271.349
273.09
274.752
276.338
277.848
279.282
280.643
281.933
283.152
284.304
285.39
286.415
287.381
288.292
289.153
289.969
290.746
291.489
292.207
292.907
293.597
294.289
294.994
295.723
296.491
297.314
298.209
299.195
300.295
301.532
302.935
304.533
306.362
308.459
310.869
313.642
316.835
320.51
324.744
329.62
335.238
341.713
349.179
357.797
367.756
379.286
392.664
408.234
426.421
447.763
472.948
502.879
538.754
582.211
635.544
702.079
786.822
897.686
1047.96
1261.84
1588.47
2145.34
142.169
145.517
148.883
152.261
155.646
159.033
162.417
165.795
169.161
172.511
175.841
179.148
182.427
185.674
188.887
192.063
195.197
198.288
201.332
204.327
207.271
210.162
212.997
215.774
218.492
221.149
223.744
226.276
228.742
231.142
233.475
235.741
237.938
240.066
242.124
244.113
246.032
247.88
249.659
251.367
253.007
254.578
256.081
257.518
258.888
260.195
261.44
262.625
263.752
264.824
265.845
266.817
267.745
268.634
269.489
270.315
271.12
271.909
272.692
273.477
274.275
275.096
275.954
276.861
277.833
278.888
280.045
281.324
282.75
284.349
286.152
288.191
290.505
293.135
296.131
299.547
303.445
307.898
312.988
318.811
325.48
333.124
341.901
351.995
363.632
377.082
392.683
410.852
432.119
457.166
486.884
522.464
565.536
618.394
684.374
768.526
878.878
1029.02
1243.96
1575.23
2148.92
133.922
136.929
139.954
142.994
146.044
149.099
152.155
155.208
158.253
161.288
164.308
167.31
170.29
173.246
176.173
179.069
181.932
184.757
187.544
190.289
192.99
195.645
198.252
200.809
203.314
205.766
208.164
210.505
212.79
215.016
217.183
219.289
221.335
223.32
225.243
227.104
228.903
230.639
232.314
233.927
235.478
236.97
238.401
239.774
241.091
242.351
243.558
244.714
245.821
246.882
247.9
248.879
249.823
250.737
251.627
252.497
253.355
254.207
255.062
255.929
256.817
257.738
258.704
259.729
260.827
262.016
263.313
264.741
266.322
268.082
270.05
272.259
274.745
277.55
280.72
284.308
288.376
292.993
298.239
304.209
311.01
318.77
327.643
337.808
349.486
362.943
378.508
396.595
417.724
442.568
472.009
507.23
549.853
602.168
667.519
750.991
860.717
1010.57
1226.31
1561.82
2151.93
126.589
129.31
132.047
134.798
137.559
140.328
143.1
145.872
148.641
151.402
154.153
156.891
159.611
162.312
164.991
167.643
170.268
172.862
175.422
177.948
180.435
182.883
185.29
187.653
189.971
192.243
194.466
196.641
198.765
200.837
202.857
204.824
206.737
208.595
210.399
212.147
213.841
215.479
217.062
218.591
220.066
221.488
222.857
224.175
225.444
226.665
227.84
228.971
230.061
231.112
232.129
233.115
234.074
235.011
235.931
236.839
237.743
238.65
239.567
240.504
241.47
242.475
243.533
244.657
245.861
247.161
248.576
250.126
251.834
253.725
255.827
258.171
260.794
263.735
267.04
270.76
274.955
279.692
285.049
291.118
298.004
305.833
314.752
324.939
336.608
350.023
365.505
383.46
404.403
428.998
458.118
492.935
535.063
586.787
651.456
734.183
843.192
992.612
1208.93
1548.34
2154.49
120.036
122.5
124.982
127.48
129.991
132.511
135.036
137.564
140.092
142.615
145.132
147.639
150.133
152.611
155.071
157.511
159.927
162.317
164.679
167.011
169.311
171.577
173.807
175.999
178.152
180.265
182.335
184.361
186.344
188.28
190.171
192.014
193.809
195.556
197.255
198.904
200.505
202.057
203.56
205.015
206.423
207.784
209.099
210.37
211.597
212.784
213.931
215.041
216.116
217.161
218.177
219.169
220.141
221.098
222.045
222.987
223.931
224.884
225.855
226.851
227.883
228.961
230.096
231.303
232.595
233.988
235.5
237.151
238.962
240.959
243.168
245.62
248.35
251.397
254.805
258.624
262.912
267.734
273.166
279.298
286.232
294.09
303.018
313.189
324.813
338.148
353.51
371.299
392.023
416.335
445.101
479.483
521.085
572.186
636.133
718.067
826.29
975.166
1191.88
1534.84
2156.68
114.118
116.353
118.613
120.891
123.182
125.485
127.795
130.11
132.426
134.741
137.053
139.357
141.652
143.935
146.204
148.456
150.688
152.9
155.087
157.249
159.384
161.489
163.563
165.604
167.611
169.583
171.517
173.413
175.27
177.087
178.863
180.597
182.289
183.938
185.543
187.106
188.625
190.101
191.534
192.924
194.273
195.58
196.848
198.077
199.269
200.426
201.549
202.641
203.704
204.743
205.759
206.757
207.74
208.714
209.684
210.655
211.634
212.628
213.644
214.691
215.779
216.918
218.119
219.394
220.76
222.229
223.821
225.554
227.45
229.532
231.826
234.364
237.177
240.305
243.79
247.681
252.034
256.912
262.391
268.556
275.509
283.368
292.276
302.402
313.952
327.179
342.395
359.992
380.47
404.477
432.867
466.793
507.849
558.303
621.504
702.608
809.99
958.229
1175.16
1521.37
2158.56
108.693
110.751
112.823
114.909
117.01
119.122
121.243
123.37
125.501
127.633
129.763
131.89
134.01
136.121
138.221
140.307
142.378
144.431
146.465
148.476
150.465
152.428
154.364
156.272
158.15
159.997
161.812
163.593
165.339
167.05
168.724
170.362
171.962
173.524
175.048
176.534
177.981
179.39
180.761
182.095
183.392
184.653
185.879
187.072
188.232
189.363
190.465
191.542
192.595
193.628
194.644
195.647
196.641
197.63
198.62
199.617
200.625
201.654
202.709
203.799
204.934
206.124
207.379
208.713
210.139
211.672
213.329
215.129
217.092
219.242
221.604
224.208
227.085
230.274
233.815
237.756
242.151
247.064
252.566
258.742
265.69
273.527
282.392
292.45
303.905
317.003
332.052
349.439
369.655
393.341
421.341
454.797
495.292
545.087
607.525
687.775
794.273
941.796
1158.79
1507.99
2160.2
103.766
105.635
107.53
109.444
111.375
113.318
115.272
117.234
119.201
121.171
123.142
125.112
127.077
129.036
130.987
132.927
134.855
136.768
138.665
140.544
142.403
144.241
146.055
147.845
149.609
151.346
153.054
154.733
156.381
157.999
159.584
161.136
162.655
164.141
165.593
167.011
168.394
169.745
171.061
172.345
173.597
174.817
176.007
177.168
178.302
179.41
180.494
181.557
182.602
183.63
184.646
185.654
186.657
187.659
188.667
189.685
190.719
191.776
192.865
193.992
195.166
196.399
197.7
199.082
200.558
202.143
203.854
205.707
207.724
209.928
212.342
214.996
217.921
221.153
224.733
228.706
233.127
238.056
243.563
249.731
256.656
264.453
273.257
283.231
294.573
307.528
322.396
339.559
359.501
382.855
410.455
443.434
483.363
532.491
594.155
673.534
779.116
925.857
1142.79
1494.71
2161.64
99.1794
100.905
102.651
104.416
106.196
107.991
109.797
111.612
113.434
115.261
117.091
118.921
120.749
122.574
124.393
126.203
128.005
129.794
131.57
133.332
135.076
136.802
138.509
140.194
141.857
143.496
145.111
146.699
148.261
149.795
151.301
152.779
154.226
155.644
157.033
158.391
159.719
161.017
162.286
163.526
164.738
165.923
167.081
168.215
169.325
170.413
171.482
172.533
173.57
174.595
175.612
176.623
177.634
178.648
179.67
180.706
181.762
182.845
183.961
185.119
186.327
187.596
188.935
190.357
191.874
193.501
195.254
197.151
199.21
201.455
203.909
206.6
209.559
212.821
216.425
220.417
224.848
229.778
235.276
241.422
248.31
256.052
264.782
274.658
285.877
298.676
313.353
330.283
349.944
372.959
400.156
432.654
472.014
520.472
581.358
659.855
764.496
910.401
1127.15
1481.55
2162.9
94.9181
96.5174
98.131
99.7619
101.409
103.071
104.746
106.431
108.124
109.824
111.528
113.235
114.942
116.647
118.348
120.044
121.733
123.413
125.082
126.739
128.381
130.009
131.62
133.213
134.786
136.339
137.87
139.379
140.864
142.325
143.762
145.172
146.557
147.916
149.248
150.554
151.833
153.086
154.313
155.514
156.692
157.845
158.976
160.085
161.175
162.246
163.302
164.343
165.374
166.395
167.412
168.427
169.444
170.468
171.504
172.556
173.63
174.734
175.874
177.058
178.294
179.592
180.963
182.417
183.968
185.629
187.416
189.346
191.439
193.715
196.198
198.916
201.898
205.178
208.795
212.793
217.223
222.142
227.618
233.73
240.57
248.247
256.892
266.661
277.746
290.382
304.861
321.552
340.927
363.602
390.393
422.41
461.201
508.991
569.099
646.709
750.39
895.413
1111.88
1468.53
2164.02
90.9842
92.4359
93.9222
95.4315
96.9592
98.5028
100.06
101.629
103.208
104.795
106.387
107.984
109.583
111.181
112.779
114.373
115.962
117.544
119.118
120.682
122.235
123.775
125.302
126.812
128.306
129.783
131.241
132.679
134.097
135.493
136.868
138.22
139.549
140.856
142.139
143.398
144.634
145.848
147.038
148.206
149.353
150.48
151.586
152.675
153.747
154.804
155.848
156.881
157.905
158.925
159.942
160.96
161.983
163.015
164.062
165.127
166.218
167.34
168.499
169.705
170.964
172.287
173.683
175.164
176.742
178.43
180.244
182.2
184.317
186.616
189.12
191.855
194.85
198.139
201.76
205.755
210.173
215.072
220.517
226.586
233.368
240.972
249.524
259.179
270.125
282.592
296.868
313.317
332.404
354.737
381.123
412.662
450.889
498.014
557.347
634.067
736.776
880.879
1096.97
1455.67
2165.01
87.209
88.5874
89.9746
91.3787
92.8005
94.2386
95.6914
97.157
98.6335
100.119
101.612
103.111
104.613
106.118
107.623
109.126
110.626
112.122
113.612
115.094
116.567
118.03
119.481
120.919
122.343
123.752
125.145
126.521
127.879
129.219
130.539
131.84
133.121
134.381
135.621
136.84
138.039
139.217
140.376
141.515
142.636
143.739
144.825
145.895
146.952
147.996
149.031
150.056
151.077
152.094
153.111
154.132
155.161
156.2
157.256
158.333
159.437
160.574
161.751
162.974
164.253
165.596
167.013
168.515
170.114
171.823
173.657
175.632
177.767
180.082
182.599
185.344
188.345
191.635
195.251
199.235
203.634
208.505
213.912
219.93
226.648
234.171
242.625
252.16
262.962
275.256
289.327
305.533
324.332
346.325
372.31
403.375
441.042
487.509
546.071
621.904
723.633
866.783
1082.41
1442.97
2165.9
83.7239
84.9798
86.2637
87.57
88.8958
90.2392
91.5982
92.9712
94.3564
95.752
97.1564
98.5678
99.9845
101.405
102.827
104.25
105.672
107.091
108.506
109.915
111.318
112.712
114.097
115.471
116.833
118.183
119.519
120.84
122.145
123.435
124.708
125.964
127.202
128.422
129.624
130.808
131.974
133.123
134.254
135.368
136.466
137.548
138.617
139.672
140.716
141.749
142.775
143.795
144.812
145.827
146.845
147.869
148.902
149.948
151.012
152.099
153.214
154.364
155.554
156.792
158.087
159.446
160.88
162.398
164.014
165.739
167.588
169.578
171.724
174.049
176.573
179.321
182.322
185.606
189.211
193.177
197.551
202.388
207.75
213.712
220.361
227.799
236.149
245.561
256.215
268.335
282.2
298.162
316.675
338.33
363.917
394.514
431.629
477.446
535.245
610.194
710.938
853.111
1068.2
1430.43
2166.7
80.387
81.5553
82.7525
83.9724
85.2124
86.4709
87.746
89.0361
90.3395
91.6546
92.9798
94.3134
95.6538
96.9994
98.3486
99.6999
101.052
102.403
103.751
105.097
106.437
107.77
109.097
110.414
111.722
113.02
114.305
115.578
116.838
118.084
119.316
120.532
121.733
122.918
124.088
125.242
126.379
127.502
128.609
129.701
130.78
131.845
132.899
133.941
134.974
135.999
137.018
138.033
139.046
140.061
141.08
142.106
143.143
144.195
145.266
146.361
147.486
148.646
149.848
151.098
152.405
153.778
155.224
156.756
158.384
160.121
161.981
163.979
166.133
168.462
170.987
173.734
176.728
180.002
183.59
187.533
191.877
196.674
201.987
207.889
214.463
221.812
230.057
239.342
249.848
261.792
275.451
291.171
309.4
330.721
355.917
386.052
422.623
467.798
524.842
598.914
698.671
839.845
1054.32
1418.06
2167.42
77.1774
78.2925
79.4166
80.5598
81.7229
82.9051
84.105
85.3208
86.5511
87.7944
89.0489
90.3132
91.5856
92.8647
94.1489
95.4368
96.7269
98.0177
99.3079
100.596
101.881
103.162
104.437
105.705
106.965
108.217
109.459
110.69
111.91
113.118
114.313
115.495
116.664
117.819
118.961
120.088
121.202
122.302
123.389
124.463
125.525
126.576
127.617
128.648
129.672
130.69
131.704
132.715
133.726
134.74
135.76
136.788
137.829
138.886
139.963
141.066
142.198
143.367
144.578
145.839
147.156
148.539
149.995
151.537
153.173
154.918
156.785
158.788
160.944
163.274
165.797
168.537
171.521
174.779
178.347
182.262
186.571
191.325
196.585
202.422
208.92
216.177
224.313
233.471
243.827
255.596
269.05
284.53
302.478
323.47
348.28
377.96
413.996
458.54
514.84
588.042
686.814
826.972
1040.78
1405.87
2168.07
74.1974
75.1967
76.2401
77.3108
78.404
79.5176
80.6498
81.7992
82.9641
84.1431
85.3347
86.5372
87.7493
88.9694
90.1961
91.4279
92.6633
93.9011
95.1398
96.3782
97.615
98.8489
100.079
101.304
102.523
103.734
104.938
106.133
107.318
108.493
109.657
110.811
111.952
113.081
114.199
115.304
116.397
117.479
118.548
119.607
120.656
121.695
122.725
123.748
124.764
125.776
126.786
127.794
128.804
129.818
130.839
131.87
132.914
133.975
135.058
136.166
137.306
138.482
139.701
140.969
142.294
143.684
145.149
146.697
148.339
150.089
151.958
153.963
156.119
158.445
160.961
163.691
166.661
169.901
173.443
177.328
181.598
186.306
191.51
197.28
203.698
210.862
218.889
227.919
238.125
249.719
262.969
278.212
295.883
316.552
340.982
370.217
405.727
449.649
505.215
577.558
675.347
814.476
1027.57
1393.86
2168.66
71.2271
72.2062
73.1946
74.2038
75.2348
76.2869
77.3585
78.4484
79.5549
80.6767
81.8122
82.96
84.1185
85.2865
86.4623
87.6446
88.832
90.0232
91.2168
92.4115
93.6061
94.7994
95.9903
97.1776
98.3604
99.5376
100.708
101.872
103.028
104.175
105.313
106.441
107.559
108.666
109.764
110.85
111.926
112.992
114.048
115.094
116.131
117.161
118.183
119.198
120.21
121.217
122.224
123.23
124.24
125.254
126.276
127.309
128.357
129.422
130.509
131.623
132.768
133.95
135.175
136.45
137.781
139.177
140.646
142.198
143.844
145.596
147.466
149.469
151.621
153.94
156.447
159.164
162.117
165.334
168.849
172.699
176.929
181.587
186.732
192.434
198.771
205.841
213.757
222.658
232.715
244.137
257.186
272.194
289.593
309.944
334.001
362.798
397.792
441.104
495.949
567.441
664.252
802.342
1014.67
1382.01
2169.2
68.4497
69.3469
70.2725
71.2235
72.1981
73.1948
74.2121
75.2488
76.3033
77.3741
78.4599
79.5591
80.6704
81.7923
82.9234
84.0624
85.2077
86.3582
87.5124
88.6692
89.8273
90.9855
92.1426
93.2977
94.4496
95.5974
96.7402
97.8773
99.0078
100.131
101.247
102.354
103.452
104.542
105.623
106.694
107.756
108.809
109.854
110.89
111.918
112.94
113.956
114.966
115.973
116.978
117.983
118.988
119.998
121.013
122.037
123.072
124.123
125.192
126.283
127.401
128.551
129.738
130.968
132.247
133.582
134.982
136.454
138.009
139.656
141.407
143.275
145.274
147.42
149.73
152.225
154.926
157.858
161.051
164.536
168.35
172.536
177.143
182.228
187.859
194.114
201.088
208.894
217.668
227.576
238.826
251.676
266.455
283.585
303.624
327.316
355.684
390.173
432.886
487.02
557.674
653.513
790.556
1002.07
1370.35
2169.69
65.7552
66.5846
67.4553
68.3542
69.2781
70.2252
71.194
72.1832
73.1914
74.2171
75.2589
76.3153
77.3851
78.4666
79.5587
80.6598
81.7686
82.8838
84.004
85.1281
86.2548
87.3829
88.5113
89.6389
90.7647
91.8877
93.007
94.1218
95.2314
96.335
97.4321
98.5222
99.6049
100.68
101.747
102.806
103.857
104.9
105.936
106.964
107.986
109.003
110.014
111.021
112.025
113.028
114.032
115.038
116.048
117.064
118.09
119.128
120.182
121.254
122.349
123.471
124.624
125.815
127.049
128.331
129.67
131.072
132.545
134.1
135.747
137.495
139.359
141.352
143.489
145.788
148.268
150.951
153.861
157.027
160.479
164.255
168.396
172.95
177.974
183.533
189.706
196.584
204.279
212.926
222.688
233.768
246.423
260.975
277.842
297.575
320.909
348.857
382.85
424.976
478.412
548.238
643.113
779.104
989.769
1358.85
2170.14
63.0704
63.8971
64.7285
65.5825
66.4612
67.3639
68.2895
69.2366
70.2037
71.1896
72.1927
73.2116
74.2451
75.2915
76.3497
77.4181
78.4954
79.5804
80.6716
81.7679
82.868
83.9707
85.0749
86.1796
87.2836
88.386
89.4859
90.5825
91.675
92.7627
93.845
94.9215
95.9916
97.0551
98.1117
99.1614
100.204
101.24
102.269
103.292
104.31
105.322
106.33
107.336
108.339
109.342
110.345
111.352
112.363
113.382
114.41
115.45
116.507
117.582
118.68
119.805
120.962
122.156
123.393
124.677
126.017
127.42
128.894
130.448
132.091
133.836
135.694
137.679
139.805
142.091
144.554
147.217
150.103
153.24
156.658
160.394
164.488
168.989
173.95
179.437
185.527
192.31
199.895
208.415
218.031
228.945
241.407
255.736
272.346
291.778
314.762
342.299
375.807
417.357
470.108
539.118
633.037
767.974
977.756
1347.53
2170.56
60.5846
61.3096
62.0876
62.8979
63.7356
64.5987
65.4859
66.3957
67.3267
68.2776
69.2469
70.2332
71.2352
72.2514
73.2804
74.3209
75.3715
76.4308
77.4977
78.5706
79.6486
80.7303
81.8146
82.9005
83.9868
85.0726
86.157
87.2391
88.3181
89.3934
90.4644
91.5304
92.5911
93.646
94.6951
95.7381
96.775
97.8059
98.831
99.8507
100.866
101.876
102.883
103.888
104.891
105.894
106.899
107.907
108.921
109.941
110.972
112.016
113.075
114.153
115.254
116.383
117.542
118.738
119.976
121.263
122.603
124.006
125.478
127.029
128.669
130.408
132.258
134.233
136.348
138.618
141.063
143.704
146.564
149.671
153.054
156.749
160.795
165.241
170.139
175.553
181.56
188.247
195.723
204.118
213.592
224.341
236.613
250.724
267.081
286.22
308.86
335.995
369.027
410.014
462.091
530.298
623.271
757.152
966.021
1336.37
2170.93
58.0349
58.767
59.5146
60.2888
61.0904
61.9185
62.7717
63.6487
64.5481
65.4686
66.4087
67.3669
68.342
69.3324
70.3368
71.3538
72.382
73.4201
74.4668
75.5207
76.5807
77.6454
78.7138
79.7848
80.8572
81.9302
83.0026
84.0738
85.1428
86.209
87.2716
88.3303
89.3844
90.4337
91.4778
92.5166
93.5501
94.5783
95.6014
96.6197
97.6337
98.6441
99.6515
100.657
101.661
102.666
103.673
104.684
105.7
106.723
107.757
108.803
109.866
110.947
112.051
113.182
114.344
115.541
116.781
118.067
119.407
120.809
122.278
123.826
125.46
127.192
129.033
130.997
133.098
135.352
137.778
140.395
143.228
146.303
149.65
153.302
157.3
161.69
166.524
171.866
177.789
184.382
191.75
200.021
209.353
219.94
232.027
245.923
262.032
280.884
303.189
329.93
362.497
402.931
454.348
521.765
613.801
746.627
954.555
1325.39
2171.28
55.612
56.2956
57.0065
57.7469
58.5163
59.3134
60.1368
60.9853
61.8573
62.7516
63.6667
64.6011
65.5535
66.5224
67.5064
68.504
69.514
70.5349
71.5655
72.6043
73.6501
74.7018
75.758
76.8178
77.8799
78.9435
80.0074
81.0709
82.1331
83.1932
84.2506
85.3048
86.3551
87.4013
88.443
89.48
90.5123
91.5399
92.563
93.5817
94.5967
95.6084
96.6176
97.6252
98.6322
99.6398
100.65
101.663
102.682
103.709
104.746
105.796
106.861
107.946
109.052
110.185
111.349
112.548
113.787
115.074
116.413
117.812
119.278
120.82
122.448
124.172
126.003
127.954
130.04
132.276
134.681
137.275
140.079
143.121
146.43
150.04
153.989
158.322
163.093
168.362
174.202
180.701
187.961
196.11
205.303
215.73
227.634
241.321
257.187
275.757
297.734
324.09
356.202
396.095
446.864
513.503
604.613
736.386
943.349
1314.57
2171.6
53.2608
53.879
54.5539
55.2639
56.0048
56.7747
57.5723
58.3961
59.2448
60.1169
61.0109
61.9255
62.8592
63.8105
64.778
65.7603
66.7559
67.7634
68.7816
69.8091
70.8445
71.8867
72.9343
73.9863
75.0416
76.099
77.1577
78.2166
79.275
80.332
81.387
82.4393
83.4885
84.5341
85.5757
86.6132
87.6465
88.6755
89.7004
90.7214
91.739
92.7536
93.7659
94.7769
95.7874
96.7988
97.8124
98.8298
99.8529
100.884
101.924
102.977
104.046
105.133
106.242
107.377
108.542
109.742
110.981
112.267
113.604
115
116.462
117.998
119.618
121.333
123.153
125.09
127.16
129.378
131.76
134.328
137.104
140.112
143.383
146.949
150.848
155.125
159.831
165.027
170.785
177.19
184.345
192.373
201.429
211.7
223.424
236.905
252.534
270.828
292.484
318.463
350.131
389.493
439.626
505.5
595.695
726.419
932.397
1303.91
2171.89
50.8346
51.4893
52.1465
52.8318
53.5481
54.2946
55.07
55.8729
56.7019
57.5555
58.4323
59.3309
60.2496
61.1871
62.1418
63.1124
64.0973
65.0952
66.1046
67.1243
68.1527
69.1888
70.2312
71.2788
72.3303
73.3848
74.4412
75.4986
76.556
77.6127
78.6679
79.721
80.7715
81.8189
82.8627
83.9029
84.9392
85.9715
87.0001
88.025
89.0467
90.0656
91.0825
92.098
93.1133
94.1293
95.1476
96.1696
97.197
98.232
99.2766
100.333
101.405
102.495
103.607
104.743
105.909
107.11
108.349
109.632
110.967
112.359
113.816
115.346
116.958
118.662
120.469
122.392
124.445
126.643
129.003
131.544
134.289
137.264
140.495
144.016
147.865
152.085
156.728
161.851
167.528
173.84
180.89
188.799
197.719
207.836
219.385
232.664
248.06
266.085
287.427
313.038
344.27
383.113
432.623
497.744
587.036
716.714
921.688
1293.4
2172.16
48.5992
49.1609
49.7838
50.4448
51.1395
51.8659
52.6226
53.4081
54.221
55.0597
55.9229
56.8089
57.7163
58.6435
59.5891
60.5515
61.5292
62.5208
63.5249
64.5401
65.565
66.5982
67.6386
68.6848
69.7358
70.7903
71.8473
72.9059
73.9651
75.0241
76.0822
77.1385
78.1927
79.2441
80.2923
81.3372
82.3784
83.4159
84.4499
85.4803
86.5077
87.5324
88.555
89.5763
90.5972
91.6189
92.6426
93.6699
94.7024
95.742
96.791
97.8518
98.9272
100.02
101.134
102.272
103.439
104.639
105.877
107.159
108.49
109.878
111.328
112.851
114.454
116.147
117.941
119.849
121.884
124.06
126.396
128.911
131.625
134.564
137.756
141.233
145.031
149.194
153.772
158.824
164.419
170.639
177.585
185.378
194.165
204.131
215.507
228.588
243.756
261.518
282.553
307.803
338.609
376.944
425.843
490.224
578.624
707.261
911.216
1283.06
2172.41
46.2659
46.846
47.4538
48.096
48.7726
49.4822
50.2235
50.9949
51.7951
52.6224
53.4753
54.3522
55.2517
56.1721
57.1118
58.0694
59.0433
60.032
61.0341
62.048
63.0725
64.106
65.1474
66.1953
67.2485
68.3059
69.3664
70.4289
71.4926
72.5564
73.6197
74.6817
75.7417
76.7993
77.8541
78.9056
79.9536
80.9981
82.0391
83.0767
84.1111
85.1429
86.1725
87.2007
88.2284
89.2565
90.2865
91.3197
92.3578
93.4026
94.4564
95.5214
96.6003
97.6961
98.8121
99.9519
101.119
102.319
103.556
104.835
106.163
107.545
108.989
110.503
112.096
113.778
115.558
117.449
119.465
121.621
123.932
126.419
129.101
132.005
135.156
138.588
142.336
146.442
150.956
155.936
161.45
167.579
174.423
182.1
190.756
200.573
211.78
224.667
239.613
257.116
277.851
302.749
333.137
370.975
419.274
482.929
570.448
698.051
900.972
1272.87
2172.64
43.9995
44.5644
45.1546
45.7802
46.4417
47.1377
47.8667
48.6274
49.418
50.2371
51.083
51.9542
52.849
53.7658
54.703
55.6591
56.6323
57.6213
58.6244
59.6402
60.6673
61.7041
62.7494
63.8019
64.8602
65.9233
66.9899
68.0589
69.1295
70.2007
71.2716
72.3414
73.4096
74.4755
75.5387
76.5987
77.6554
78.7086
79.7582
80.8044
81.8474
82.8875
83.9253
84.9615
85.9968
87.0324
88.0694
89.1092
90.1534
91.2039
92.2628
93.3322
94.4149
95.5138
96.632
97.7731
98.9411
100.14
101.375
102.651
103.975
105.351
106.788
108.294
109.876
111.545
113.31
115.185
117.181
119.314
121.6
124.058
126.709
129.576
132.687
136.073
139.77
143.819
148.269
153.178
158.611
164.651
171.394
178.956
187.484
197.155
208.195
220.892
235.62
252.871
273.312
297.865
327.846
365.196
412.907
475.848
562.498
689.073
890.949
1262.82
2172.84
41.8207
42.3138
42.8815
43.4925
44.1417
44.827
45.5469
46.2998
47.0841
47.8981
48.7402
49.6088
50.5021
51.4185
52.3563
53.3139
54.2896
55.2819
56.2892
57.3098
58.3424
59.3855
60.4375
61.4973
62.5635
63.6348
64.7101
65.7882
66.8682
67.949
69.0297
70.1097
71.188
72.2643
73.3378
74.4083
75.4754
76.5389
77.5987
78.655
79.7078
80.7576
81.8047
82.8499
83.8939
84.9377
85.9825
87.0296
88.0805
89.1371
90.2014
91.2756
92.3622
93.4642
94.5846
95.727
96.8951
98.0933
99.3263
100.599
101.918
103.288
104.717
106.213
107.784
109.44
111.19
113.047
115.023
117.133
119.393
121.822
124.44
127.27
130.34
133.68
137.326
141.318
145.705
150.542
155.896
161.847
168.49
175.94
184.341
193.868
204.746
217.256
231.77
248.774
268.927
293.143
322.725
359.598
406.733
468.971
554.765
680.32
881.14
1252.93
2173.03
39.4998
40.0612
40.6264
41.2277
41.8676
42.5452
43.2589
44.0071
44.788
45.6001
46.4414
47.3105
48.2054
49.1244
50.0659
51.0281
52.0093
53.0078
54.0221
55.0505
56.0915
57.1435
58.2052
59.275
60.3516
61.4338
62.5202
63.6098
64.7015
65.7942
66.8871
67.9792
69.0699
70.1584
71.2442
72.3269
73.406
74.4814
75.553
76.6207
77.6848
78.7454
79.803
80.8583
81.9119
82.9648
84.018
85.073
86.1312
87.1944
88.2644
89.3436
90.4343
91.5395
92.6621
93.8056
94.9738
96.1709
97.4015
98.6706
99.984
101.348
102.769
104.255
105.814
107.455
109.189
111.028
112.983
115.069
117.303
119.702
122.287
125.08
128.108
131.403
134.997
138.932
143.255
148.022
153.297
159.16
165.704
173.043
181.319
190.706
201.423
213.751
228.055
244.817
264.689
288.575
317.766
354.171
400.742
462.29
547.239
671.781
871.537
1243.17
2173.2
37.3652
37.8437
38.39
38.982
39.6153
40.2879
40.9983
41.7447
42.5252
43.3382
44.1818
45.0543
45.9538
46.8784
47.8265
48.7963
49.7859
50.7936
51.8178
52.8568
53.9089
54.9726
56.0465
57.1289
58.2185
59.314
60.4141
61.5176
62.6232
63.7301
64.8372
65.9436
67.0485
68.1512
69.2511
70.3477
71.4406
72.5295
73.6143
74.6949
75.7714
76.8441
77.9133
78.9796
80.0437
81.1065
82.169
83.2325
84.2985
85.3686
86.4448
87.5292
88.6243
89.7327
90.8575
92.0021
93.1702
94.3659
95.5938
96.8588
98.1666
99.5232
100.935
102.411
103.957
105.584
107.301
109.121
111.054
113.117
115.323
117.692
120.243
122.998
125.985
129.233
132.776
136.654
140.914
145.61
150.807
156.583
163.029
170.259
178.412
187.66
198.22
210.369
224.468
240.993
260.59
284.153
312.961
348.909
394.925
455.795
539.911
663.449
862.134
1233.56
2173.35
35.1252
35.6219
36.1643
36.751
37.3804
38.051
38.7608
39.5082
40.2912
41.1081
41.9569
42.8357
43.7427
44.6759
45.6336
46.6137
47.6145
48.6343
49.6712
50.7234
51.7894
52.8675
53.9561
55.0537
56.1589
57.2701
58.3862
59.5058
60.6278
61.7509
62.8744
63.997
65.1181
66.2369
67.3527
68.4649
69.5732
70.6771
71.7765
72.8713
73.9616
75.0475
76.1294
77.2078
78.2833
79.3568
80.4292
81.5019
82.5762
83.6537
84.7364
85.8263
86.9258
88.0375
89.1646
90.3102
91.478
92.6721
93.897
95.1575
96.4593
97.8083
99.2111
100.675
102.209
103.82
105.52
107.32
109.232
111.269
113.448
115.785
118.302
121.02
123.964
127.166
130.657
134.478
138.675
143.301
148.421
154.11
160.46
167.582
175.614
184.725
195.131
207.104
221.002
237.295
256.622
279.868
308.302
343.801
389.274
449.479
532.774
655.315
852.924
1224.08
2173.49
32.8889
33.4065
33.947
34.531
35.1593
35.8304
36.5425
37.2937
38.0821
38.9057
39.7626
40.6506
41.568
42.5126
43.4826
44.476
45.4909
46.5254
47.5777
48.6459
49.7284
50.8235
51.9294
53.0447
54.1678
55.2972
56.4316
57.5696
58.71
59.8516
60.9934
62.1343
63.2735
64.4102
65.5436
66.6731
67.7983
68.9188
70.0343
71.1446
72.2499
73.3502
74.4458
75.5372
76.625
77.71
78.7931
79.8756
80.9587
82.044
83.1335
84.2291
85.3332
86.4484
87.5777
88.7242
89.8916
91.0839
92.3055
93.5612
94.8566
96.1974
97.5904
99.0427
100.562
102.158
103.841
105.62
107.509
109.521
111.671
113.977
116.459
119.138
122.04
125.195
128.635
132.399
136.532
141.089
146.131
151.735
157.989
165.005
172.918
181.895
192.149
203.95
217.65
233.715
252.778
275.715
303.783
338.842
383.782
443.332
525.818
647.373
843.9
1214.74
2173.6
30.7707
31.2065
31.7361
32.3187
32.9484
33.6227
34.3398
35.0977
35.8942
36.7273
37.595
38.4952
39.4258
40.3846
41.3698
42.3792
43.4109
44.4628
45.5332
46.6201
47.7217
48.8363
49.9621
51.0975
52.2409
53.3908
54.5457
55.7043
56.8653
58.0275
59.1897
60.3508
61.51
62.6664
63.8191
64.9676
66.1113
67.2498
68.3828
69.51
70.6315
71.7473
72.8577
73.9631
75.0641
76.1613
77.2558
78.3486
79.441
80.5346
81.6313
82.7329
83.8417
84.9604
86.0919
87.2392
88.406
89.5963
90.8143
92.0649
93.3534
94.6857
96.0683
97.5083
99.0138
100.593
102.257
104.015
105.881
107.866
109.988
112.262
114.708
117.349
120.208
123.315
126.703
130.41
134.481
138.969
143.934
149.453
155.613
162.524
170.319
179.164
189.268
200.9
214.406
230.249
249.053
271.687
299.395
334.024
378.44
437.348
519.036
639.613
835.056
1205.52
2173.71
28.4563
28.9855
29.5248
30.1105
30.7442
31.4246
32.1494
32.9166
33.724
34.5695
35.4509
36.3659
37.3125
38.2884
39.2915
40.3196
41.3708
42.4429
43.534
44.6422
45.7654
46.902
48.0501
49.208
50.3741
51.5468
52.7246
53.906
55.0897
56.2745
57.4591
58.6424
59.8234
61.0012
62.175
63.3441
64.5079
65.6658
66.8177
67.9631
69.102
70.2345
71.3607
72.4811
73.596
74.7063
75.8128
76.9165
78.0188
79.1211
80.2252
81.333
82.4468
83.5691
84.7027
85.8508
87.0169
88.2048
89.4189
90.664
91.9453
93.2685
94.6402
96.0674
97.558
99.1206
100.765
102.502
104.343
106.302
108.394
110.636
113.046
115.647
118.463
121.523
124.859
128.509
132.517
136.935
141.824
147.258
153.325
160.132
167.811
176.526
186.484
197.949
211.265
226.889
245.44
267.777
295.133
329.339
373.243
431.519
512.422
632.03
826.386
1196.44
2173.79
26.3176
26.7792
27.314
27.9035
28.5438
29.2327
29.9679
30.7472
31.5684
32.429
33.3268
34.2596
35.2249
36.2206
37.2444
38.294
39.3674
40.4623
41.5768
42.7087
43.8561
45.0172
46.1901
47.3729
48.564
49.7618
50.9646
52.171
53.3795
54.5889
55.7978
57.0052
58.2099
59.411
60.6075
61.7988
62.9842
64.1631
65.3352
66.5
67.6576
68.8079
69.951
71.0872
72.2171
73.3412
74.4603
75.5756
76.6882
77.7996
78.9114
80.0257
81.1445
82.2704
83.4062
84.555
85.7201
86.9055
88.1155
89.3546
90.6282
91.9419
93.3022
94.716
96.1911
97.7361
99.3606
101.075
102.892
104.823
106.885
109.093
111.467
114.028
116.801
119.813
123.096
126.689
130.634
134.983
139.797
145.148
151.122
157.826
165.391
173.977
183.79
195.092
208.222
223.631
241.933
263.979
290.99
324.783
368.183
425.838
505.967
624.616
817.884
1187.47
2173.86
24.0867
24.5574
25.0979
25.6946
26.3441
27.0442
27.7926
28.5867
29.4243
30.3029
31.22
32.1732
33.1601
34.1783
35.2255
36.2993
37.3975
38.5179
39.6582
40.8165
41.9907
43.1787
44.3787
45.5888
46.8072
48.0323
49.2624
50.4959
51.7314
52.9674
54.2027
55.436
56.6662
57.8922
59.1133
60.3284
61.5369
62.7382
63.9319
65.1175
66.2949
67.4641
68.6251
69.7782
70.9238
72.0624
73.1949
74.3223
75.4457
76.5666
77.6865
78.8074
79.9315
81.0611
82.199
83.3482
84.5123
85.6949
86.9003
88.1331
89.3986
90.7023
92.0505
93.4503
94.9093
96.436
98.04
99.7316
101.523
103.426
105.457
107.632
109.968
112.489
115.217
118.181
121.412
124.947
128.83
133.11
137.848
143.116
148.998
155.601
163.052
171.512
181.183
192.324
205.27
220.469
238.527
260.287
286.96
320.347
363.254
420.298
499.664
617.365
809.544
1178.63
2173.91
21.7897
22.3212
22.8741
23.4808
24.1423
24.8563
25.6205
26.4323
27.2891
28.1883
29.1274
30.1039
31.1151
32.1586
33.2319
34.3326
35.4583
36.6067
37.7756
38.9628
40.1661
41.3835
42.613
43.8528
45.1008
46.3555
47.615
48.8778
50.1422
51.4069
52.6705
53.9317
55.1892
56.4421
57.6892
58.9298
60.1629
61.3881
62.6048
63.8125
65.011
66.2002
67.3801
68.551
69.7131
70.8671
72.0136
73.1537
74.2884
75.4191
76.5474
77.6752
78.8045
79.9378
81.0778
82.2275
83.3902
84.5698
85.7703
86.9964
88.2532
89.5464
90.8821
92.2672
93.7094
95.2172
96.7998
98.4678
100.233
102.107
104.107
106.247
108.546
111.025
113.709
116.624
119.802
123.28
127.099
131.311
135.974
141.158
146.95
153.452
160.791
169.126
178.657
189.639
202.406
217.398
235.217
256.697
283.038
316.027
358.449
414.893
493.508
610.269
801.36
1169.9
2173.95
19.6478
20.0879
20.6416
21.2597
21.9356
22.6662
23.449
24.2811
25.16
26.0827
27.0467
28.0492
29.0875
30.159
31.2611
32.3913
33.5472
34.7263
35.9262
37.1448
38.3797
39.629
40.8905
42.1622
43.4422
44.7286
46.0198
47.3139
48.6095
49.9049
51.1987
52.4896
53.7764
55.0577
56.3327
57.6003
58.8597
60.1103
61.3513
62.5823
63.8031
65.0135
66.2134
67.4029
68.5825
69.7526
70.9138
72.0671
73.2136
74.3545
75.4915
76.6264
77.7611
78.8982
80.0401
81.1901
82.3512
83.5274
84.7227
85.9416
87.1893
88.4714
89.7939
91.1637
92.5885
94.0766
95.6372
97.2807
99.0187
100.864
102.831
104.935
107.196
109.634
112.272
115.138
118.263
121.683
125.439
129.582
134.17
139.272
144.973
151.375
158.604
166.816
176.208
187.035
199.624
214.413
231.997
253.202
279.218
311.817
353.763
409.618
487.492
603.324
793.328
1161.29
2173.97
17.2685
17.8202
18.3947
19.0283
19.7214
20.4714
21.2755
22.1308
23.0345
23.9836
24.9752
26.0065
27.0747
28.177
29.3107
30.4731
31.6617
32.8741
34.1077
35.3601
36.6292
37.9128
39.2085
40.5145
41.8287
43.1493
44.4743
45.8019
47.1307
48.4588
49.7849
51.1075
52.4252
53.7369
55.0414
56.3377
57.625
58.9023
60.1691
61.4248
62.6691
63.9017
65.1226
66.3319
67.5297
68.7166
69.8932
71.0603
72.219
73.3706
74.5166
75.6586
76.7989
77.9397
79.0836
80.2336
81.393
82.5655
83.7551
84.9664
86.2044
87.4747
88.7834
90.1373
91.5439
93.0115
94.5493
96.1676
97.8778
99.6926
101.626
103.695
105.917
108.312
110.905
113.721
116.792
120.153
123.846
127.92
132.432
137.453
143.064
149.367
156.486
164.576
173.832
184.505
196.92
211.51
228.863
249.799
275.495
307.711
349.189
404.465
481.61
596.522
785.44
1152.79
2173.97
15.0415
15.549
16.1336
16.7843
17.4972
18.2693
19.0976
19.979
20.9104
21.8886
22.9108
23.9737
25.0745
26.2104
27.3783
28.5757
29.7997
31.0479
32.3177
33.6066
34.9123
36.2325
37.565
38.9076
40.2584
41.6152
42.9762
44.3396
45.7036
47.0666
48.4269
49.7831
51.1337
52.4775
53.8133
55.14
56.4566
57.7622
59.0562
60.338
61.607
62.8631
64.106
65.3359
66.5529
67.7574
68.95
70.1315
71.3029
72.4655
73.6206
74.7701
75.916
77.0605
78.2062
79.3561
80.5134
81.6818
82.8654
84.0685
85.2964
86.5543
87.8485
89.1857
90.5733
92.0196
93.5337
95.1259
96.8074
98.591
100.491
102.522
104.704
107.057
109.602
112.368
115.385
118.687
122.316
126.321
130.759
135.697
141.219
147.423
154.434
162.403
171.525
182.046
194.29
208.683
225.81
246.481
271.864
303.704
344.723
399.429
475.855
589.858
777.693
1144.39
2173.95
12.7526
13.2537
13.8543
14.5249
15.2605
16.0576
16.9129
17.8232
18.7852
19.7956
20.8511
21.9485
23.0848
24.2569
25.4619
26.6968
27.959
29.2456
30.5541
31.882
33.2268
34.5862
35.9578
37.3394
38.729
40.1244
41.5237
42.925
44.3264
45.7263
47.1228
48.5146
49.9
51.2778
52.6466
54.0053
55.3529
56.6884
58.011
59.3201
60.6152
61.8959
63.162
64.4134
65.6504
66.8733
68.0826
69.2791
70.4636
71.6375
72.8022
73.9593
75.1108
76.2589
77.4064
78.5559
79.7109
80.8748
82.0518
83.2463
84.4632
85.7082
86.9871
88.3068
89.6746
91.0987
92.5883
94.1535
95.8055
97.5568
99.4216
101.416
103.557
105.865
108.363
111.078
114.039
117.282
120.848
124.783
129.146
134.002
139.435
145.541
152.444
160.294
169.283
179.655
191.729
205.93
222.833
243.244
268.32
299.79
340.359
394.504
470.222
583.326
770.08
1136.1
2173.92
10.3214
10.9266
11.5538
12.2478
13.0088
13.8338
14.7192
15.6613
16.6569
17.7022
18.794
19.9288
21.1034
22.3147
23.5594
24.8346
26.1375
27.4652
28.8151
30.1845
31.5709
32.9718
34.385
35.808
37.2388
38.6751
40.1149
41.5563
42.9973
44.4361
45.871
47.3003
48.7225
50.1361
51.5398
52.9323
54.3125
55.6794
57.0321
58.37
59.6924
60.9988
62.2891
63.5632
64.8211
66.0631
67.2898
68.5018
69.7
70.8855
72.0599
73.2247
74.3819
75.5337
76.6827
77.8316
78.9839
80.1429
81.3128
82.498
83.7035
84.9347
86.1976
87.4989
88.846
90.2471
91.7112
93.2483
94.8697
96.5879
98.4167
100.372
102.471
104.734
107.184
109.847
112.753
115.936
119.437
123.303
127.59
132.365
137.708
143.717
150.513
158.245
167.102
177.326
189.234
203.244
219.929
240.084
264.858
295.965
336.091
389.685
464.706
576.92
762.598
1127.91
2173.87
8.08218
8.59017
9.2314
9.95048
10.7399
11.5957
12.5141
13.4911
14.5232
15.6066
16.7376
17.9127
19.1285
20.3816
21.6689
22.9871
24.3334
25.7049
27.0987
28.5121
29.9426
31.3876
32.8448
34.3116
35.7859
37.2655
38.7482
40.2319
41.7147
43.1947
44.67
46.139
47.5999
49.0512
50.4916
51.9197
53.3342
54.7341
56.1185
57.4865
58.8375
60.171
61.4866
62.7843
64.064
65.326
66.5707
67.7987
69.011
70.2086
71.3929
72.5656
73.7285
74.8838
76.0341
77.1822
78.3313
79.485
80.6473
81.8226
83.0159
84.2325
85.4785
86.7606
88.0861
89.4631
90.9006
92.4087
93.9985
95.6823
97.4741
99.3894
101.446
103.663
106.064
108.674
111.523
114.645
118.081
121.877
126.088
130.781
136.036
141.948
148.637
156.252
164.978
175.057
186.8
200.624
217.093
236.997
261.473
292.225
331.915
384.967
459.301
570.635
755.24
1119.82
2173.79
5.5781
6.20831
6.88217
7.6304
8.45131
9.34101
10.2954
11.3105
12.3822
13.5065
14.6798
15.8981
17.158
18.4559
19.7885
21.1525
22.5449
23.9628
25.4031
26.8632
28.3403
29.832
31.3355
32.8487
34.369
35.8941
37.422
38.9504
40.4773
42.0006
43.5186
45.0292
46.5309
48.0221
49.501
50.9665
52.417
53.8516
55.2692
56.6688
58.0498
59.4116
60.7537
62.076
63.3784
64.6612
65.9246
67.1693
68.3961
69.6061
70.8006
71.9812
73.1498
74.3086
75.46
76.6069
77.7525
78.9003
80.0544
81.2191
82.3993
83.6006
84.8288
86.0906
87.3934
88.7453
90.1552
91.6331
93.1901
94.8385
96.5921
98.4664
100.479
102.649
105
107.556
110.347
113.408
116.778
120.503
124.638
129.249
134.415
140.23
146.814
154.311
162.909
172.844
184.424
198.063
214.32
233.977
258.162
288.563
327.825
380.345
454.001
564.465
748.001
1111.82
2173.7
3.18546
3.80534
4.50538
5.28517
6.14063
7.06737
8.06102
9.11721
10.2316
11.4001
12.6186
13.8832
15.1901
16.5356
17.9163
19.3289
20.7702
22.2371
23.7266
25.236
26.7623
28.3031
29.8557
31.4176
32.9863
34.5596
36.1351
37.7105
39.2838
40.8528
42.4156
43.9702
45.5148
47.0477
48.5672
50.0719
51.5604
53.0314
54.4837
55.9165
57.3289
58.7202
60.09
61.438
62.7641
64.0684
65.3513
66.6132
67.855
69.0777
70.2826
71.4713
72.6455
73.8076
74.9599
76.1052
77.2468
78.3882
79.5333
80.6867
81.8531
83.038
84.2475
85.4881
86.7671
88.0927
89.4737
90.9202
92.4431
94.0548
95.769
97.601
99.5682
101.69
103.989
106.491
109.224
112.222
115.525
119.179
123.238
127.766
132.842
138.561
145.039
152.421
160.89
170.682
182.103
195.559
211.607
231.021
254.919
284.976
323.818
375.812
448.801
558.406
740.877
1103.91
2173.59
0.77541
1.36952
2.09785
2.91227
3.80547
4.77253
5.80868
6.90924
8.06963
9.2854
10.5523
11.8661
13.2229
14.619
16.0507
17.5147
19.0075
20.5262
22.0676
23.6288
25.2071
26.7996
28.4038
30.017
31.6367
33.2606
34.8861
36.5111
38.1332
39.7502
41.3602
42.961
44.5507
46.1275
47.6897
49.2357
50.7639
52.273
53.7619
55.2294
56.6746
58.0968
59.4955
60.8703
62.2211
63.5478
64.8508
66.1305
67.3878
68.6235
69.839
71.0357
72.2156
73.3808
74.5336
75.677
76.814
77.9483
79.0839
80.225
81.3767
82.5444
83.734
84.9521
86.2062
87.5042
88.8552
90.2689
91.7565
93.3301
95.0034
96.7918
98.7125
100.785
103.031
105.477
108.15
111.085
114.32
117.902
121.883
126.329
131.315
136.937
143.31
150.576
158.919
168.569
179.831
193.108
208.949
228.124
251.74
281.458
319.887
371.365
443.696
552.451
733.863
1096.08
2173.45
-1.85807
-1.11434
-0.34397
0.50906
1.44341
2.45415
3.53617
4.68444
5.89406
7.16032
8.47868
9.84483
11.2546
12.7042
14.1898
15.7079
17.2552
18.8283
20.4243
22.0401
23.6729
25.3199
26.9783
28.6454
30.3188
31.9959
33.6741
35.3511
37.0245
38.6921
40.3517
42.001
43.6381
45.2611
46.8681
48.4574
50.0273
51.5765
53.1036
54.6074
56.087
57.5416
58.9705
60.3732
61.7496
63.0996
64.4234
65.7216
66.9947
68.2438
69.47
70.6749
71.8603
73.0283
74.1814
75.3223
76.4542
77.5808
78.7059
79.834
80.9699
82.1192
83.2878
84.4824
85.7102
86.9793
88.2988
89.6783
91.1291
92.6631
94.2942
96.0375
97.9102
99.9316
102.124
104.512
107.124
109.995
113.161
116.669
120.573
124.935
129.831
135.356
141.623
148.775
156.991
166.501
177.606
190.706
206.344
225.283
248.621
278.006
316.028
366.999
438.681
546.596
726.954
1088.34
2173.29
-4.26973
-3.62154
-2.82109
-1.92697
-0.948062
0.109849
1.24121
2.44062
3.70285
5.02288
6.39595
7.81753
9.28335
10.7894
12.3317
13.9069
15.5113
17.1418
18.7951
20.4683
22.1584
23.8625
25.5778
27.3017
29.0314
30.7644
32.4979
34.2297
35.9571
37.6778
39.3895
41.0899
42.7768
44.4483
46.1023
47.7371
49.3508
50.942
52.5092
54.0511
55.5667
57.055
58.5153
59.9472
61.3503
62.7244
64.0699
65.387
66.6765
67.9392
69.1763
70.3894
71.5802
72.7508
73.9037
75.0416
76.1678
77.2858
78.3996
79.5136
80.6328
81.7626
82.9089
84.0785
85.2787
86.5175
87.8039
89.1478
90.5601
92.0531
93.6402
95.3368
97.16
99.1289
101.265
103.594
106.145
108.949
112.046
115.48
119.304
123.581
128.388
133.815
139.977
147.014
155.104
164.475
175.424
188.348
203.786
222.492
245.557
274.615
312.237
362.708
433.751
540.836
720.145
1080.68
2173.1
-6.9588
-6.18539
-5.3382
-4.39866
-3.37152
-2.2628
-1.07851
0.175564
1.49383
2.87099
4.30202
5.7822
7.3071
8.87256
10.4747
12.1097
13.7742
15.4648
17.1783
18.9117
20.6619
22.4259
24.2011
25.9845
27.7734
29.565
31.3568
33.146
34.9302
36.7067
38.4732
40.2273
41.9667
43.6891
45.3926
47.0751
48.7348
50.37
51.9792
53.561
55.1142
56.6379
58.1311
59.5933
61.0241
62.4234
63.7912
65.1279
66.4342
67.7108
68.959
70.1802
71.3762
72.5491
73.7013
74.8357
75.9555
77.0641
78.1656
79.2645
80.3657
81.4746
82.5974
83.7406
84.9116
86.1185
87.3703
88.6768
90.0491
91.4992
93.0407
94.6889
96.4607
98.3754
100.455
102.723
105.21
107.946
110.972
114.33
118.074
122.266
126.982
132.311
138.367
145.29
153.254
162.487
173.282
186.032
201.272
219.749
242.544
271.28
308.508
358.487
428.9
535.164
713.43
1073.1
2172.89
-9.59869
-8.78938
-7.89722
-6.90878
-5.82964
-4.66636
-3.42541
-2.11305
-0.735212
0.702483
2.19478
3.73676
5.32385
6.95178
8.61657
10.3145
12.0419
13.7956
15.5721
17.3686
19.1818
21.0088
22.8467
24.6925
26.5436
28.3969
30.2498
32.0995
33.9433
35.7786
37.6028
39.4133
41.2077
42.9838
44.7392
46.4719
48.1799
49.8613
51.5146
53.1383
54.7309
56.2914
57.819
59.3128
60.7725
62.1978
63.5888
64.9458
66.2692
67.56
68.8194
70.0487
71.2497
72.4245
73.5756
74.7057
75.8182
76.9165
78.0047
79.0872
80.1691
81.2559
82.3536
83.4688
84.609
85.7824
86.9978
88.2651
89.5954
91.0008
92.4949
94.0928
95.8114
97.67
99.6901
101.896
104.317
106.985
109.938
113.219
116.882
120.987
125.61
130.842
136.792
143.599
151.438
160.533
171.175
183.753
198.797
217.048
239.578
267.997
304.837
354.331
424.124
529.577
706.806
1065.59
2172.65
-12.2013
-11.4378
-10.5013
-9.46033
-8.32524
-7.10347
-5.80204
-4.42765
-2.98664
-1.48493
0.0719758
1.67899
3.3314
5.02487
6.75535
8.51906
10.3124
12.1321
13.9747
15.8372
17.7164
19.6094
21.5131
23.4246
25.3409
27.2591
29.1763
31.0896
32.9962
34.8933
36.7781
38.648
40.5004
42.3329
44.1429
45.9284
47.6871
49.4172
51.1167
52.7842
54.4181
56.0172
57.5806
59.1074
60.5972
62.0496
63.4645
64.8423
66.1834
67.4887
68.7593
69.9966
71.2023
72.3786
73.5279
74.6531
75.7574
76.8443
77.918
78.9829
80.0442
81.1072
82.1782
83.2638
84.3714
85.5093
86.6864
87.9126
89.199
90.5577
92.0023
93.5478
95.2113
97.0117
98.9708
101.113
103.466
106.063
108.941
112.144
115.724
119.742
124.272
129.403
135.247
141.939
149.653
158.611
169.1
181.508
196.358
214.386
236.655
264.76
301.219
350.236
419.417
524.068
700.267
1058.15
2172.38
-15.1115
-14.1518
-13.1548
-12.0565
-10.8613
-9.57697
-8.21107
-6.77082
-5.26295
-3.6937
-2.0688
-0.393489
1.32742
3.08951
4.88873
6.72127
8.58358
10.4722
12.384
14.3157
16.2641
18.2263
20.1991
22.1794
24.1643
26.1507
28.1355
30.1158
32.0885
34.0506
35.9994
37.9318
39.8453
41.7371
43.6048
45.4457
47.2578
49.0389
50.7871
52.5005
54.1777
55.8173
57.4181
58.9794
60.5004
61.9809
63.4206
64.8199
66.1791
67.4991
68.781
70.0261
71.2362
72.4135
73.5604
74.6798
75.7748
76.8493
77.9071
78.953
79.992
81.0297
82.0722
83.1262
84.1994
85.2998
86.4365
87.6196
88.8599
90.1696
91.5625
93.0535
94.6596
96.3997
98.2955
100.371
102.655
105.179
107.981
111.104
114.599
118.528
122.963
127.994
133.73
140.307
147.895
156.716
167.054
179.292
193.951
211.758
233.768
261.566
297.649
346.197
414.774
518.633
693.807
1050.77
2172.08
-17.7845
-16.9074
-15.8599
-14.7006
-13.441
-12.0899
-10.6554
-9.14535
-7.56687
-5.92649
-4.23017
-2.48328
-0.690701
1.14314
3.01417
4.91863
6.85297
8.8138
10.7979
12.802
14.823
16.8577
18.903
20.9558
23.0128
25.0709
27.127
29.1777
31.2201
33.2509
35.267
37.2655
39.2433
41.1977
43.126
45.0255
46.8938
48.7286
50.5278
52.2895
54.0121
55.694
57.334
58.9312
60.4849
61.9945
63.4599
64.8813
66.2591
67.594
68.8871
70.1399
71.3541
72.5317
73.6754
74.788
75.8728
76.9334
77.974
78.9993
80.0143
81.0248
82.0369
83.0574
84.0939
85.1547
86.2488
87.3862
88.5781
89.8366
91.1754
92.6094
94.1557
95.8332
97.6634
99.6707
101.883
104.332
107.055
110.095
113.504
117.342
121.682
126.611
132.238
138.699
146.162
154.845
165.032
177.102
191.57
209.16
230.915
258.41
294.123
342.207
410.189
513.266
687.422
1043.45
2171.74
-20.733
-19.7344
-18.6217
-17.3964
-16.0678
-14.6454
-13.1381
-11.5543
-9.90134
-8.18623
-6.41505
-4.59328
-2.72583
-0.817099
1.12888
3.10839
5.11795
7.1542
9.21391
11.2939
13.3909
15.5018
17.6233
19.7522
21.8852
24.019
26.1501
28.2753
30.3911
32.4943
34.5816
36.6497
38.6956
40.7161
42.7083
44.6695
46.597
48.4884
50.3413
52.1538
53.9241
55.6504
57.3314
58.9662
60.5537
62.0937
63.5857
65.0298
66.4266
67.7766
69.081
70.3412
71.5589
72.7363
73.8759
74.9807
76.0538
77.0992
78.121
79.124
80.1132
81.0944
82.0739
83.0587
84.0562
85.0749
86.124
87.2134
88.3543
89.5589
90.8409
92.2154
93.6993
95.3115
97.0736
99.0098
101.148
103.519
106.162
109.118
112.438
116.183
120.425
125.251
130.769
137.112
144.448
152.994
163.031
174.933
189.213
206.586
228.091
255.286
290.634
338.262
405.657
507.961
681.107
1036.19
2171.37
-23.7195
-22.6248
-21.4438
-20.1477
-18.7454
-17.2472
-15.6627
-14.0009
-12.2697
-10.4762
-8.6267
-6.72675
-4.78121
-2.79442
-0.770322
1.28747
3.37554
5.49061
7.62946
9.78891
11.9657
14.1567
16.3584
18.5675
20.7805
22.994
25.2044
27.4082
29.6018
31.7816
33.9441
36.0859
38.2036
40.2939
42.3538
44.3801
46.3701
48.3212
50.2308
52.0967
53.917
55.69
57.414
59.088
60.711
62.2824
63.8019
65.2696
66.6857
68.051
69.3666
70.6339
71.8546
73.0309
74.1655
75.2611
76.3213
77.3499
78.3511
79.3297
80.291
81.2408
82.1854
83.1319
84.088
85.062
86.0633
87.1019
88.189
89.3369
90.5594
91.8714
93.2901
94.8343
96.5254
98.3877
100.449
102.74
105.299
108.169
111.398
115.048
119.19
123.911
129.318
135.542
142.752
151.16
161.046
172.781
186.874
204.034
225.289
252.189
287.177
334.356
401.173
502.712
674.854
1028.98
2170.95
-26.6101
-25.5777
-24.3306
-22.9589
-21.4779
-19.8991
-18.2329
-16.489
-14.6755
-12.8
-10.8688
-8.8874
-6.86055
-4.7925
-2.68705
-0.547664
1.62235
3.81981
6.04154
8.28435
10.545
12.8201
15.1063
17.4
19.6976
21.9954
24.2897
26.5766
28.8524
31.1133
33.3556
35.5754
37.7692
39.9335
42.0649
44.1602
46.2163
48.2304
50.1998
52.122
53.9951
55.817
57.5861
59.3012
60.9611
62.5653
64.1133
65.6051
67.0411
68.4218
69.7485
71.0224
72.2455
73.4198
74.5481
75.6333
76.679
77.6889
78.6676
79.6197
80.5508
81.4667
82.3739
83.2795
84.1912
85.1177
86.0682
87.053
88.0832
89.1714
90.3312
91.5778
92.9281
94.4011
96.0183
97.8037
99.785
101.994
104.467
107.246
110.383
113.935
117.975
122.589
127.883
133.987
141.068
149.338
159.073
170.642
184.548
201.496
222.505
249.113
283.748
330.484
396.73
497.514
668.659
1021.82
2170.5
-29.8947
-28.6195
-27.288
-25.8347
-24.2698
-22.6054
-20.853
-19.0226
-17.1231
-15.162
-13.1457
-11.0795
-8.96812
-6.81559
-4.62546
-2.40105
-0.145483
2.13814
4.44672
6.77706
9.12587
11.4897
13.865
16.2481
18.6352
21.0223
23.4055
25.7807
28.1438
30.4908
32.8176
35.1202
37.3948
39.6376
41.8449
44.0132
46.1393
48.22
50.2526
52.2343
54.163
56.0364
57.8529
59.6109
61.3095
62.9478
64.5253
66.042
67.4982
68.8945
70.232
71.5121
72.7367
73.9081
75.0288
76.1021
77.1314
78.1207
79.0745
79.9979
80.8962
81.7754
82.6423
83.504
84.3683
85.2441
86.1406
87.0682
88.0383
89.0633
90.157
91.3347
92.6133
94.0119
95.5518
97.2571
99.1554
101.278
103.662
106.349
109.389
112.842
116.778
121.282
126.46
132.443
139.394
147.524
157.108
168.51
182.231
198.968
219.734
246.054
280.339
326.638
392.322
492.359
662.516
1014.7
2170
-32.9515
-31.7297
-30.3205
-28.7805
-27.1261
-25.371
-23.5277
-21.6067
-19.6173
-17.567
-15.4621
-13.308
-11.1089
-8.8686
-6.59041
-4.27737
-1.93245
0.441396
2.84112
5.26353
7.70528
10.1628
12.6324
15.1102
17.5922
20.0741
22.5517
25.0207
27.4766
29.9151
32.3319
34.7226
37.0831
39.4093
41.6972
43.9431
46.1434
48.2949
50.3943
52.439
54.4263
56.3541
58.2203
60.0236
61.7625
63.4363
65.0444
66.5867
68.0635
69.4754
70.8235
72.1092
73.3345
74.5016
75.6133
76.6728
77.6837
78.6502
79.5768
80.4686
81.3312
82.1709
82.9942
83.8087
84.6223
85.4437
86.2827
87.1495
88.0557
89.0139
90.0378
91.1429
92.3461
93.6665
95.1255
96.7471
98.5588
100.592
102.883
105.475
108.416
111.765
115.594
119.986
125.047
130.905
137.725
145.714
155.145
166.381
179.916
196.444
216.969
243.004
276.944
322.813
387.942
487.242
656.417
1007.61
2169.44
-36.2704
-34.935
-33.4353
-31.8021
-30.0525
-28.2016
-26.2625
-24.2467
-22.1635
-20.0206
-17.824
-15.5787
-13.2887
-10.9573
-8.58754
-6.1821
-3.74374
-1.2753
1.22025
3.73971
6.27964
8.83638
11.406
13.9844
16.5672
19.15
21.7282
24.2971
26.852
29.3881
31.9009
34.3855
36.8376
39.2526
41.6264
43.9548
46.2341
48.4606
50.6311
52.7424
54.7918
56.7769
58.6956
60.5463
62.3275
64.0383
65.6781
67.2468
68.7445
70.172
71.5303
72.8209
74.0458
75.2073
76.3083
77.3521
78.3424
79.2834
80.18
81.0373
81.8611
82.6577
83.434
84.1975
84.9565
85.7198
86.4972
87.2993
88.1376
89.0248
89.9748
91.0032
92.127
93.3652
94.7393
96.2733
97.9947
99.9348
102.13
104.622
107.46
110.703
114.421
118.699
123.639
129.371
136.057
143.903
153.181
164.249
177.599
193.919
214.204
239.958
273.557
319.002
383.584
482.155
650.356
1000.55
2168.84
-39.7457
-38.2378
-36.639
-34.9062
-33.0555
-31.1033
-29.0639
-26.9491
-24.7685
-22.5296
-20.2381
-17.8986
-15.5145
-13.0886
-10.6235
-8.12164
-5.58545
-3.01763
-0.421087
2.20094
4.8449
7.50694
10.1829
12.8684
15.5589
18.2494
20.935
23.6107
26.2714
28.9119
31.5272
34.1123
36.6622
39.1721
41.6376
44.0541
46.4175
48.724
50.9699
53.1519
55.2671
57.3129
59.287
61.1876
63.0131
64.7626
66.4353
68.0311
69.5502
70.9932
72.3612
73.6559
74.8791
76.0334
77.1217
78.1475
79.1145
80.0273
80.8907
81.7101
82.4914
83.2412
83.9665
84.6751
85.3752
86.0761
86.7875
87.5203
88.2862
89.0979
89.9696
90.9168
91.9567
93.1083
94.3931
95.8352
97.462
99.3048
101.4
103.788
106.52
109.653
113.257
117.416
122.233
127.836
134.385
142.087
151.209
162.109
175.273
191.385
211.432
236.907
270.17
315.196
379.238
477.09
644.325
993.512
2168.17
-43.0731
-41.6351
-39.9394
-38.1006
-36.1425
-34.0836
-31.9391
-29.7213
-27.4399
-25.1019
-22.7127
-20.2759
-17.7944
-15.2705
-12.7063
-10.1036
-7.46472
-4.79221
-2.08893
0.641825
3.39636
6.17058
8.96008
11.7601
14.5656
17.3715
20.1723
22.9625
25.7366
28.4891
31.2144
33.9071
36.5618
39.1735
41.737
44.2477
46.701
49.0928
51.4191
53.6765
55.8616
57.9717
60.0044
61.9575
63.8296
65.6195
67.3264
68.9501
70.4908
71.9492
73.3264
74.624
75.8441
76.9894
78.0628
79.0679
80.0088
80.89
81.7167
82.4944
83.2292
83.9279
84.5978
85.2468
85.8834
86.5169
87.1575
87.816
88.5045
89.2357
90.0241
90.8851
91.8361
92.8963
94.087
95.4325
96.9601
98.7011
100.691
102.973
105.594
108.613
112.099
116.136
120.826
126.296
132.706
140.26
149.224
159.954
172.932
188.835
208.646
233.844
266.775
311.388
374.898
472.039
638.315
986.49
2167.44
-46.8877
-45.1591
-43.3463
-41.3939
-39.3221
-37.1511
-34.897
-32.5725
-30.1871
-27.7472
-25.2573
-22.7204
-20.1384
-17.5128
-14.8451
-12.1369
-9.38997
-6.60684
-3.79035
-0.943901
1.9286
4.82278
7.73387
10.6567
13.5859
16.5157
19.4403
22.3537
25.2499
28.1228
30.9665
33.7749
36.5424
39.2632
41.932
44.5437
47.0934
49.5765
51.9888
54.3265
56.5861
58.7645
60.8592
62.868
64.7891
66.6212
68.3636
70.0161
71.5787
73.0522
74.4378
75.7371
76.9525
78.0865
79.1424
80.1239
81.0353
81.8813
82.6672
83.3988
84.0826
84.7254
85.3348
85.919
86.4867
87.0476
87.6118
88.1906
88.796
89.4412
90.1406
90.91
91.7667
92.73
93.8214
95.0651
96.4884
98.1225
100.003
102.172
104.678
107.579
110.942
114.853
119.412
124.745
131.012
138.416
147.22
157.778
170.568
186.263
205.837
230.761
263.362
307.568
370.552
466.992
632.318
979.474
2166.64
-50.5245
-48.7974
-46.8696
-44.7963
-42.6044
-40.3159
-37.948
-35.5135
-33.0212
-30.4769
-27.8839
-25.244
-22.5582
-19.827
-17.0513
-14.2322
-11.3712
-8.47072
-5.53366
-2.56358
0.435321
3.45832
6.50021
9.55536
12.6178
15.6814
18.7397
21.7861
24.8141
27.817
30.7884
33.7217
36.6107
39.4492
42.2315
44.9519
47.6051
50.1862
52.6907
55.1143
57.4534
59.7047
61.8653
63.9329
65.9056
67.7821
69.5615
71.2434
72.8282
74.3165
75.7096
77.0092
78.2177
79.338
80.3734
81.3279
82.2059
83.0124
83.753
84.4337
85.0611
85.6426
86.1859
86.6994
87.1923
87.6743
88.1559
88.6487
89.1648
89.7178
90.322
90.9936
91.7499
92.6104
93.5966
94.7328
96.0462
97.5679
99.3338
101.385
103.771
106.548
109.785
113.564
117.988
123.18
129.301
136.55
145.19
155.573
168.173
183.658
202.996
227.647
259.923
303.725
366.192
461.939
626.324
972.455
2165.75
-54.4106
-52.5771
-50.522
-48.3199
-46.0013
-43.5902
-41.1047
-38.5573
-35.9561
-33.3053
-30.6069
-27.8613
-25.0682
-22.2272
-19.3384
-16.4023
-13.4203
-10.3948
-7.32867
-4.22584
-1.09085
2.07113
5.25436
8.45266
11.6595
14.868
18.0711
21.2617
24.4326
27.5765
30.6862
33.7548
36.7753
39.7411
42.6459
45.4836
48.2485
50.9351
53.5387
56.0546
58.4789
60.808
63.0389
65.1689
67.1962
69.1192
70.9371
72.6494
74.2565
75.7591
77.1585
78.4567
79.656
80.7596
81.7711
82.6946
83.5348
84.2969
84.9869
85.611
86.1763
86.6902
87.1609
87.5971
88.0083
88.4045
88.7966
89.1963
89.6161
90.0697
90.5719
91.1387
91.7879
92.5389
93.4134
94.4356
95.6329
97.0363
98.6815
100.61
102.869
105.517
108.622
112.265
116.548
121.595
127.564
134.654
143.127
153.331
165.739
181.012
200.114
224.492
256.445
299.849
361.805
456.868
620.32
965.422
2164.78
-58.6168
-56.5142
-54.3178
-51.9787
-49.527
-46.9887
-44.3825
-41.7202
-39.0084
-36.2496
-33.4439
-30.5899
-27.6859
-24.7303
-21.7225
-18.6625
-15.5516
-12.392
-9.18701
-5.94086
-2.65857
0.654129
3.99087
7.34479
10.7086
14.0749
17.4357
20.7833
24.1097
27.4069
30.6672
33.8828
37.0462
40.1503
43.188
46.1528
49.0385
51.8393
54.5498
57.1651
59.6809
62.0934
64.3993
66.5959
68.681
70.653
72.511
74.2546
75.8841
77.4003
78.8047
80.0992
81.2867
82.3702
83.3537
84.2416
85.0388
85.751
86.3843
86.9454
87.4416
87.8808
88.2715
88.6228
88.9445
89.2471
89.5417
89.8403
90.1558
90.5021
90.8943
91.3486
91.883
92.5171
93.2726
94.1738
95.248
96.5263
98.0442
99.8429
101.97
104.483
107.45
110.951
115.088
119.984
125.796
132.722
141.023
151.044
163.255
178.315
197.178
221.284
252.916
295.926
357.378
451.766
614.294
958.364
2163.71
-62.653
-60.611
-58.2739
-55.7897
-53.1989
-50.5295
-47.8003
-45.022
-42.199
-39.3314
-36.4167
-33.4516
-30.4326
-27.357
-24.2234
-21.0313
-17.782
-14.4779
-11.1226
-7.72077
-4.27809
-0.801027
2.70333
6.22732
9.76288
13.3016
16.835
20.3543
23.8507
27.3155
30.7403
34.1164
37.4358
40.6905
43.8731
46.9762
49.9932
52.9177
55.744
58.4668
61.0815
63.5837
65.9701
68.2377
70.3841
72.4078
74.3078
76.0835
77.7354
79.2644
80.6721
81.9606
83.1328
84.1923
85.1431
85.99
86.7383
87.394
87.9636
88.4541
88.8734
89.2297
89.5319
89.7896
90.0129
90.2128
90.4007
90.5891
90.7912
91.0212
91.2944
91.6275
92.0384
92.5471
93.1753
93.9475
94.891
96.0367
97.4202
99.0823
101.071
103.442
106.264
109.617
113.602
118.341
123.99
130.746
138.87
148.702
160.713
175.555
194.177
218.01
249.322
291.942
352.895
446.617
608.23
951.265
2162.53
-67.2977
-64.9116
-62.4113
-59.7734
-57.0379
-54.2347
-51.3818
-48.4878
-45.554
-42.5773
-39.5523
-36.4731
-33.3346
-30.1326
-26.8651
-23.5313
-20.1325
-16.6713
-13.1521
-9.58002
-5.96164
-2.30422
1.38423
5.09512
8.81945
12.5479
16.2709
19.9789
23.6621
27.3111
30.9164
34.4686
37.959
41.3787
44.7197
47.974
51.1343
54.1937
57.1461
59.9856
62.7072
65.3064
67.7794
70.1231
72.335
74.4134
76.3572
78.1661
79.8403
81.3809
82.7898
84.0692
85.2224
86.253
87.1657
87.9653
88.6577
89.2493
89.7469
90.1583
90.4914
90.7553
90.9591
91.1131
91.2277
91.3144
91.3852
91.4528
91.531
91.6343
91.7783
91.98
92.2577
92.6314
93.1232
93.7573
94.5613
95.5661
96.807
98.3247
100.167
102.389
105.059
108.257
112.083
116.658
122.137
128.717
136.656
146.295
158.098
172.718
191.095
214.653
245.645
287.878
348.34
441.404
602.113
944.111
2161.22
-71.8897
-69.4211
-66.7543
-63.955
-61.0705
-58.1322
-55.1567
-52.149
-49.1061
-46.0209
-42.8844
-39.6879
-36.4243
-33.0883
-29.677
-26.1898
-22.628
-18.995
-15.2956
-11.5361
-7.72387
-3.86727
0.0246364
3.94217
7.87524
11.8134
15.7461
19.6626
23.5523
27.4046
31.209
34.9555
38.6341
42.2355
45.7507
49.171
52.4884
55.6956
58.7857
61.7526
64.5906
67.295
69.8618
72.2874
74.5694
76.7059
78.6957
80.5385
82.2348
83.7857
85.1932
86.46
87.5894
88.5857
89.4535
90.1985
90.8269
91.3454
91.7615
92.0834
92.3198
92.48
92.574
92.6124
92.6064
92.5678
92.5092
92.4439
92.386
92.3506
92.3536
92.4124
92.5455
92.7733
93.1179
93.6038
94.2585
95.1128
96.202
97.5666
99.2538
101.319
103.83
106.865
110.524
114.927
120.229
126.626
134.373
143.81
155.399
169.789
187.917
211.197
241.867
283.715
343.69
436.106
595.92
936.881
2159.77
-76.7567
-74.1792
-71.3337
-68.3657
-65.3297
-62.2576
-59.163
-56.0456
-52.897
-49.7047
-46.4555
-43.1377
-39.7422
-36.2625
-32.6955
-29.0405
-25.2995
-21.4767
-17.5778
-13.6102
-9.58255
-5.50442
-1.38614
2.76134
6.92668
11.0982
15.2641
19.4124
23.5315
27.6094
31.6349
35.5967
39.484
43.2864
46.9941
50.5978
54.0886
57.4585
60.7
63.8065
66.7719
69.5911
72.2597
74.774
77.1313
79.3296
81.3678
83.2455
84.9635
86.5229
87.926
89.1757
90.2759
91.231
92.0463
92.7279
93.2824
93.7172
94.0405
94.261
94.388
94.4315
94.4022
94.3111
94.1703
93.9922
93.79
93.5774
93.3693
93.1812
93.0295
92.9319
92.9074
92.9766
93.1618
93.4877
93.9818
94.6749
95.6021
96.8038
98.3267
100.226
102.568
105.432
108.916
113.139
118.256
124.46
132.007
141.233
152.601
166.753
184.624
207.619
237.966
279.429
338.922
430.698
589.628
929.553
2158.15
-82.2022
-79.2302
-76.1876
-73.0448
-69.8575
-66.6563
-63.4495
-60.2293
-56.98
-53.6826
-50.3193
-46.8751
-43.3389
-39.7036
-35.9657
-32.1253
-28.1852
-24.1507
-20.0288
-15.8283
-11.5594
-7.23306
-2.86109
1.54407
5.96961
10.4024
14.8294
19.2371
23.6126
27.9428
32.2151
36.4171
40.537
44.5633
48.4853
52.2926
55.9757
59.5258
62.9348
66.1953
69.301
72.2461
75.0259
77.6367
80.0753
82.3398
84.429
86.3427
88.0816
89.6473
91.0422
92.2696
93.3338
94.2397
94.9932
95.6008
96.0698
96.4085
96.6254
96.7302
96.7328
96.644
96.4752
96.2384
95.9462
95.6117
95.2489
94.8724
94.4974
94.14
93.8175
93.5478
93.3504
93.2461
93.2577
93.41
93.7305
94.2501
95.0036
96.0312
97.3793
99.1027
101.267
103.95
107.249
111.284
116.206
122.208
129.544
138.551
149.685
163.591
181.195
203.898
233.915
274.991
334.005
425.15
583.206
922.098
2156.35
-87.5511
-84.6034
-81.3634
-78.0429
-74.7086
-71.3879
-68.0801
-64.7674
-61.4242
-58.0244
-54.5447
-50.967
-47.2787
-43.4721
-39.5445
-35.4966
-31.3328
-27.0597
-22.6863
-18.2229
-13.6814
-9.07466
-4.41617
0.279939
4.99916
9.72678
14.448
19.148
23.8122
28.4263
32.9761
37.448
41.829
46.1063
50.2682
54.3034
58.2014
61.9525
65.5478
68.9796
72.2406
75.3248
78.2271
80.9433
83.4704
85.8061
87.9494
89.9
91.6589
93.228
94.61
95.8086
96.8286
97.6756
98.3559
98.8769
99.2466
99.4738
99.5682
99.54
99.4003
99.1606
98.8332
98.4309
97.9673
97.4564
96.913
96.3523
95.7905
95.2445
94.7319
94.2714
93.883
93.5879
93.4092
93.3719
93.5037
93.8353
94.4016
95.2423
96.4035
97.9394
99.9144
102.407
105.511
109.347
114.064
119.854
126.969
135.744
146.634
160.279
177.605
200.004
229.684
270.369
328.904
419.425
576.62
914.483
2154.32
-93.7418
-90.3809
-86.9231
-83.4258
-79.9552
-76.5311
-73.1394
-69.7481
-66.32
-62.8202
-59.2203
-55.4992
-51.6433
-47.6455
-43.5037
-39.2208
-34.8025
-30.2579
-25.5977
-20.8345
-15.9824
-11.0561
-6.07125
-1.04392
4.00945
9.07228
14.1279
19.1599
24.1519
29.0878
33.952
38.7296
43.4058
47.9669
52.3996
56.6917
60.8315
64.8086
68.6131
72.2364
75.6708
78.9098
81.9479
84.7804
87.4042
89.8171
92.0178
94.0065
95.7841
97.3529
98.7162
99.8781
100.844
101.62
102.213
102.632
102.886
102.983
102.935
102.753
102.449
102.036
101.527
100.935
100.276
99.5647
98.8163
98.0474
97.275
96.5167
95.7911
95.1175
94.5164
94.0097
93.6208
93.375
93.3002
93.427
93.7902
94.4292
95.3897
96.725
98.499
100.788
103.687
107.313
111.814
117.381
124.263
132.792
143.423
156.794
173.825
195.906
225.235
265.52
323.576
413.477
569.824
906.664
2152.04
-100.195
-96.624
-92.9468
-89.2809
-85.6942
-82.1921
-78.7406
-75.2893
-71.7866
-68.1886
-64.4617
-60.583
-56.5388
-52.3231
-47.9362
-43.3828
-38.6717
-33.8141
-28.8236
-23.7152
-18.5055
-13.2116
-7.85158
-2.44372
2.9933
8.44074
13.8799
19.2921
24.6593
29.9635
35.1872
40.3138
45.327
50.2115
54.9527
59.537
63.9515
68.1848
72.226
76.0657
79.6956
83.1083
86.2981
89.26
91.9906
94.4875
96.7498
98.7775
100.572
102.136
103.473
104.588
105.488
106.178
106.668
106.965
107.081
107.026
106.812
106.451
105.956
105.341
104.622
103.812
102.928
101.986
101.003
99.9966
98.9843
97.9852
97.0185
96.1046
95.2648
94.5213
93.8982
93.4212
93.1182
93.0201
93.1615
93.5814
94.3249
95.4448
97.0038
99.0774
101.758
105.162
109.435
114.766
121.401
129.671
140.027
153.105
169.823
191.566
220.526
260.397
317.965
407.251
562.761
898.587
2149.44
-107.136
-103.438
-99.542
-95.7273
-92.0584
-88.5162
-85.0381
-81.5498
-77.9839
-74.287
-70.4219
-66.3649
-62.1039
-57.6354
-52.9627
-48.094
-43.041
-37.8185
-32.4429
-26.9326
-21.3068
-15.5857
-9.78978
-3.94024
1.94172
7.83488
13.7181
19.5705
25.3716
31.1013
36.7401
42.2694
47.6711
52.9281
58.0241
62.9441
67.6739
72.2006
76.5125
80.5992
84.4514
88.0613
91.4224
94.5296
97.3791
99.9686
102.297
104.365
106.174
107.727
109.029
110.085
110.902
111.488
111.853
112.006
111.958
111.722
111.311
110.739
110.02
109.17
108.204
107.141
105.995
104.786
103.532
102.251
100.963
99.6874
98.4452
97.2575
96.1466
95.1355
94.2488
93.5127
92.9555
92.6081
92.505
92.6849
93.1924
94.0793
95.4072
97.2503
99.6994
102.868
106.9
111.982
118.356
126.35
136.414
149.178
165.559
186.939
215.503
254.938
312.006
400.674
555.358
890.181
2146.47
-115.224
-110.971
-106.856
-102.931
-99.2337
-95.706
-92.245
-88.7475
-85.1287
-81.328
-77.3059
-73.0408
-68.5239
-63.7559
-58.7444
-53.5019
-48.0445
-42.3906
-36.5607
-30.5765
-24.4608
-18.237
-11.929
-5.56084
0.843144
7.25885
13.6623
20.03
26.3387
32.5658
38.6896
44.689
50.5437
56.2346
61.7437
67.054
72.1498
77.0168
81.642
86.0138
90.1221
93.9583
97.5153
100.788
103.771
106.464
108.864
110.973
112.794
114.328
115.583
116.564
117.279
117.737
117.949
117.927
117.683
117.231
116.585
115.761
114.776
113.647
112.391
111.027
109.574
108.052
106.48
104.879
103.27
101.673
100.112
98.6091
97.1866
95.8692
94.6823
93.6525
92.8087
92.182
91.8066
91.7212
91.9695
92.6025
93.6805
95.2759
97.4777
100.397
104.174
108.992
115.09
122.793
132.544
144.971
160.987
181.971
210.106
249.071
305.611
393.651
547.519
881.355
2143.03
-123.669
-119.39
-115.097
-111.128
-107.487
-104.05
-100.662
-97.1856
-93.5211
-89.6032
-85.3945
-80.8781
-76.0512
-70.9207
-65.5002
-59.8077
-53.8642
-47.6931
-41.3193
-34.7689
-28.0685
-21.2455
-14.3276
-7.34239
-0.317755
6.71878
13.74
20.719
27.6296
34.4462
41.1442
47.6997
54.0901
60.2937
66.2902
72.0607
77.5875
82.8545
87.8474
92.5531
96.9606
101.06
104.844
108.307
111.444
114.252
116.732
118.884
120.71
122.217
123.408
124.293
124.881
125.181
125.206
124.97
124.486
123.771
122.841
121.715
120.409
118.945
117.341
115.619
113.799
111.904
109.955
107.975
105.986
104.012
102.077
100.204
98.4187
96.7458
95.2119
93.8446
92.6732
91.7292
91.0467
90.6642
90.6247
90.9783
91.7836
93.1113
95.0479
97.7013
101.209
105.749
111.556
118.949
128.367
140.431
156.049
176.597
204.256
242.703
298.674
386.062
539.114
871.982
2139.01
-133.736
-128.985
-124.565
-120.669
-117.21
-113.968
-110.72
-107.296
-103.585
-99.5228
-95.0807
-90.2505
-85.0385
-79.46
-73.5363
-67.2921
-60.7548
-53.9536
-46.9185
-39.6806
-32.2714
-24.7229
-17.0672
-9.3362
-1.56196
6.2239
13.9902
21.7062
29.342
36.8684
44.2574
51.4818
58.5159
65.3351
71.9165
78.2384
84.2811
90.0264
95.458
100.562
105.324
109.736
113.788
117.474
120.788
123.73
126.298
128.494
130.321
131.785
132.893
133.655
134.08
134.182
133.974
133.472
132.693
131.654
130.376
128.878
127.181
125.308
123.28
121.123
118.859
116.512
114.108
111.671
109.227
106.801
104.419
102.106
99.8903
97.7977
95.8561
94.0942
92.542
91.2316
90.1973
89.4771
89.1135
89.1555
89.6602
90.6959
92.3464
94.7161
97.9379
102.185
107.686
114.753
123.816
135.49
150.675
170.739
197.862
235.723
291.057
377.744
529.968
861.888
2134.26
-145.195
-140.135
-135.719
-132.087
-128.997
-126.086
-123.056
-119.708
-115.933
-111.679
-106.932
-101.697
-95.9941
-89.8495
-83.2939
-76.3606
-69.0842
-61.5006
-53.6464
-45.5585
-37.2741
-28.8307
-20.2656
-11.6162
-2.91936
5.78824
14.4706
23.0922
31.6188
40.0167
48.2536
56.2983
64.1214
71.6946
78.9917
85.988
92.6608
98.9895
104.956
110.543
115.737
120.525
124.9
128.853
132.379
135.476
138.144
140.386
142.205
143.608
144.604
145.205
145.422
145.27
144.767
143.93
142.779
141.334
139.619
137.657
135.473
133.091
130.538
127.841
125.027
122.124
119.16
116.162
113.159
110.181
107.254
104.407
101.671
99.072
96.6413
94.4084
92.4046
90.6625
89.2169
88.1056
87.3705
87.0593
87.2275
87.9409
89.28
91.345
94.2639
98.2031
103.384
110.11
118.8
130.057
144.769
164.296
190.809
227.988
282.583
368.478
519.833
850.824
2128.52
-158.494
-153.446
-149.28
-146.231
-143.777
-141.369
-138.635
-135.371
-131.488
-126.96
-121.796
-116.024
-109.68
-102.803
-95.4356
-87.6218
-79.4048
-70.8285
-61.9369
-52.7742
-43.3845
-33.8119
-24.1003
-14.2934
-4.43446
5.4337
15.269
25.0303
34.6773
44.1709
53.4736
62.5491
71.3629
79.8826
88.0774
95.9188
103.381
110.439
117.073
123.263
128.993
134.25
139.023
143.304
147.088
150.372
153.157
155.446
157.244
158.56
159.405
159.792
159.735
159.254
158.368
157.098
155.468
153.502
151.228
148.673
145.866
142.837
139.616
136.234
132.724
129.117
125.445
121.741
118.038
114.366
110.759
107.247
103.864
100.64
97.6073
94.798
92.2446
89.981
88.0425
86.4671
85.296
84.5757
84.3598
84.7113
85.7071
87.4426
90.0394
93.6566
98.5063
104.879
113.181
123.999
138.203
157.133
182.948
219.322
273.021
357.969
508.356
838.419
2121.47
-175.402
-169.914
-166.457
-164.507
-163.062
-161.357
-158.984
-155.776
-151.693
-146.755
-141.005
-134.498
-127.291
-119.441
-111.004
-102.035
-92.5885
-82.7175
-72.4755
-61.9154
-51.0898
-40.0512
-28.8518
-17.5434
-6.17717
5.1959
16.5262
27.7649
38.8641
49.7779
60.4615
70.8722
80.9693
90.7141
100.071
109.005
117.486
125.487
132.981
139.948
146.367
152.224
157.506
162.204
166.312
169.829
172.755
175.093
176.853
178.043
178.678
178.774
178.35
177.427
176.03
174.184
171.919
169.265
166.253
162.917
159.291
155.411
151.314
147.037
142.617
138.092
133.5
128.879
124.266
119.699
115.214
110.848
106.636
102.614
98.8171
95.2791
92.0355
89.1214
86.5733
84.4296
82.7309
81.5228
80.8566
80.7922
81.4024
82.7768
85.0301
88.3118
92.8227
98.8386
106.748
117.115
130.784
149.063
174.081
209.494
262.075
345.813
495.014
824.098
2112.57
-196.009
-191.222
-189.405
-189.377
-189.43
-188.633
-186.643
-183.398
-178.946
-173.374
-166.772
-159.229
-150.826
-141.641
-131.745
-121.209
-110.098
-98.4783
-86.4147
-73.9705
-61.2103
-48.1967
-34.9929
-21.6619
-8.26485
5.13596
18.4811
31.7111
44.7679
57.5966
70.142
82.353
94.1802
105.576
116.499
126.905
136.76
146.028
154.679
162.688
170.031
176.691
182.651
187.903
192.439
196.258
199.361
201.753
203.445
204.451
204.787
204.473
203.535
201.998
199.893
197.253
194.114
190.511
186.486
182.079
177.333
172.292
167
161.502
155.845
150.074
144.235
138.373
132.534
126.761
121.098
115.587
110.27
105.186
100.377
95.8789
91.7315
87.9717
84.6378
81.7691
79.4057
77.5926
76.3783
75.8197
75.9846
76.9556
78.8395
81.7745
85.9472
91.6159
99.1456
109.071
122.198
139.791
163.921
198.193
249.353
331.453
479.028
806.93
2100.91
-224.32
-220.649
-222.28
-225.431
-227.566
-227.841
-226.162
-222.668
-217.548
-210.97
-203.087
-194.025
-183.895
-172.8
-160.826
-148.064
-134.594
-120.497
-105.856
-90.7441
-75.2448
-59.4338
-43.3891
-27.1907
-10.9118
5.36716
21.5743
37.6345
53.4747
69.028
84.2222
98.9972
113.288
127.036
140.19
152.692
164.503
175.576
185.873
195.366
204.019
211.817
218.738
224.767
229.905
234.139
237.482
239.935
241.512
242.238
242.123
241.206
239.512
237.074
233.94
230.14
225.73
220.753
215.257
209.304
202.937
196.22
189.207
181.952
174.52
166.96
159.336
151.703
144.113
136.626
129.289
122.159
115.282
108.707
102.481
96.6461
91.2479
86.3254
81.9203
78.0741
74.8251
72.2203
70.3029
69.1274
68.756
69.2614
70.7436
73.3239
77.1741
82.5301
89.726
99.2621
111.889
128.806
151.996
184.95
234.316
314.126
459.208
785.315
2084.91
-264.331
-265.274
-273.897
-282.009
-286.811
-288.185
-286.568
-282.4
-276.083
-267.851
-257.952
-246.551
-233.773
-219.782
-204.654
-188.521
-171.485
-153.629
-135.084
-115.921
-96.2576
-76.1916
-55.8141
-35.2424
-14.5577
6.12385
26.717
47.1176
67.2312
86.9758
106.241
124.97
143.054
160.429
177.033
192.762
207.606
221.461
234.299
246.094
256.755
266.323
274.716
281.936
288.007
292.853
296.564
299.092
300.461
300.747
299.894
298.024
295.134
291.259
286.517
280.876
274.473
267.343
259.529
251.167
242.255
232.922
223.23
213.227
203.044
192.702
182.311
171.942
161.643
151.522
141.613
132.001
122.747
113.9
105.532
97.6803
90.4096
83.7564
77.7717
72.4996
67.9727
64.2511
61.3563
59.355
58.2943
58.2304
59.2707
61.4923
65.0691
70.2003
77.1731
86.4655
98.7304
115.095
137.404
168.945
216.141
292.752
433.744
756.351
2061.43
-327.003
-343.476
-365.494
-380.792
-388.619
-390.865
-388.769
-383.06
-374.612
-363.48
-350.18
-334.904
-317.656
-298.898
-278.48
-256.707
-233.728
-209.506
-184.416
-158.383
-131.647
-104.361
-76.5674
-48.5248
-20.2729
7.97905
36.145
64.0403
91.5625
118.598
144.914
170.582
195.253
218.982
241.665
262.984
283.235
301.934
319.238
335.159
349.252
362.039
372.987
382.267
390.085
395.874
400.32
402.946
403.858
403.472
401.16
397.654
392.634
386.093
378.603
369.569
359.651
348.723
336.682
324.148
310.645
296.682
282.3
267.356
252.395
237.117
221.854
206.73
191.641
176.964
162.569
148.648
135.309
122.536
110.513
99.2233
88.7894
79.2223
70.6169
62.9955
56.3824
50.9054
46.4589
43.238
41.191
40.3473
40.9217
42.7697
46.2235
51.3537
58.348
67.8028
80.047
96.2714
118.076
148.351
193.265
265.637
399.884
714.533
2023.19
-453.669
-514.82
-559.908
-585.187
-595.777
-598.482
-595.131
-585.74
-573.753
-556.78
-537.029
-514.677
-488.277
-460.732
-429.701
-396.661
-362.127
-324.659
-286.591
-246.407
-204.989
-162.916
-119.447
-75.8102
-31.536
12.7953
57.2062
101.102
144.692
187.616
229.019
270.268
309.066
346.937
383.339
416.45
449.479
478.543
505.881
531.628
552.497
573.504
589.83
603.556
616.205
622.991
630.091
632.759
632.111
631.283
624.511
618.085
608.305
594.941
582.329
564.648
547.247
528.026
505.594
484.596
460.121
435.915
411.408
384.7
359.737
333.165
307.06
281.774
255.695
231.369
207.092
183.734
161.737
140.388
120.648
102.064
85.0062
69.3232
55.41
42.9703
32.1291
23.4089
15.7694
10.5275
6.74653
4.52477
4.92202
6.17574
10.1478
15.9726
23.5087
34.6217
47.6139
65.0837
87.8209
117.612
161.499
229.011
353.143
649.445
1949.44
-867.424
-1070.18
-1147.12
-1196.51
-1208.56
-1216.1
-1215.73
-1193.01
-1183.13
-1149.8
-1115.86
-1080.83
-1023.44
-980.295
-917.319
-851.126
-787.073
-703.423
-630.567
-544.32
-453.743
-365.499
-266.219
-170.612
-69.7763
32.0137
136.377
237.709
343.573
447.837
543.394
652.395
741.512
840.428
935.765
1007.01
1106.74
1171.45
1244.89
1319.69
1352.92
1429.06
1461.58
1494.91
1540.49
1530.73
1571.62
1569.93
1557.31
1569.76
1522.14
1522.37
1490.38
1437.05
1418.2
1345.37
1308.5
1254.87
1175.42
1132.46
1049.81
988.219
924.144
837.498
781.382
702.83
633.699
570.428
493.796
436.803
372.314
312.002
258.706
203.2
156.276
111.129
70.6471
33.1451
2.49681
-26.9798
-51.7676
-68.4452
-87.956
-95.865
-105.178
-111.605
-106.383
-108.525
-98.5179
-88.6766
-79.4178
-56.1747
-41.2334
-15.0414
16.0968
47.8483
101.743
165.754
280.341
542.803
1758.66
