687.525
737.05
791.068
845.908
900.13
953.265
1005.26
1056.23
1106.34
1155.8
1204.76
1253.4
1301.85
1350.24
1398.68
1447.26
1496.08
1545.22
1594.74
1644.71
1695.2
1746.26
1797.94
1850.29
1903.37
1957.22
2011.88
2067.4
2123.81
2181.17
2239.51
2298.88
2359.31
2420.84
2483.52
2547.38
2612.47
2678.82
2746.49
2815.5
2885.91
2957.75
3031.08
3105.93
3182.35
3260.4
3340.11
3421.54
3504.74
3589.77
3676.67
3765.5
3856.33
3949.2
4044.19
4141.35
4240.76
4342.47
4446.56
4553.11
4662.19
4773.88
4888.26
5005.42
5125.44
5248.43
5374.46
5503.65
5636.1
5771.91
5911.2
6054.08
6200.68
6351.11
6505.5
6664
6826.73
6993.83
7165.45
7341.74
7522.82
7708.85
7899.97
8096.3
8297.96
8505.05
8717.62
8935.72
9159.28
9388.2
9622.19
9860.84
10103.4
10348.8
10595.4
10840.7
11080.9
11310.3
11520.3
11697.3
11820.7
539.124
490.494
468.874
464.009
469.805
482.5
499.718
519.933
542.156
565.745
590.285
615.508
641.245
667.393
693.891
720.71
747.838
775.275
803.032
831.123
859.566
888.381
917.589
947.211
977.268
1007.78
1038.77
1070.25
1102.25
1134.78
1167.87
1201.52
1235.77
1270.61
1306.08
1342.18
1378.94
1416.36
1454.47
1493.28
1532.8
1573.05
1614.04
1655.79
1698.31
1741.62
1785.73
1830.65
1876.4
1923
1970.46
2018.78
2067.99
2118.1
2169.12
2221.07
2273.95
2327.79
2382.59
2438.36
2495.12
2552.88
2611.65
2671.43
2732.24
2794.08
2856.95
2920.87
2985.82
3051.82
3118.84
3186.9
3255.96
3326.01
3397.03
3468.99
3541.83
3615.51
3689.95
3765.07
3840.76
3916.89
3993.29
4069.77
4146.07
4221.89
4296.84
4370.47
4442.2
4511.3
4576.91
4637.91
4692.97
4740.41
4778.17
4803.73
4814.07
4805.55
4773.96
4714.57
4622.33
585.94
494.463
436.349
399.81
377.891
366.215
361.89
362.94
367.98
376.022
386.349
398.441
411.912
426.481
441.939
458.132
474.946
492.3
510.133
528.403
547.08
566.144
585.584
605.391
625.564
646.102
667.009
688.289
709.946
731.989
754.422
777.255
800.495
824.149
848.225
872.731
897.674
923.062
948.901
975.2
1001.96
1029.2
1056.92
1085.12
1113.81
1142.99
1172.68
1202.87
1233.56
1264.77
1296.5
1328.75
1361.51
1394.8
1428.61
1462.94
1497.8
1533.17
1569.06
1605.47
1642.38
1679.8
1717.7
1756.09
1794.95
1834.26
1874
1914.16
1954.71
1995.61
2036.84
2078.36
2120.11
2162.05
2204.11
2246.22
2288.29
2330.23
2371.93
2413.24
2454.03
2494.11
2533.28
2571.31
2607.92
2642.79
2675.56
2705.81
2733.06
2756.74
2776.24
2790.83
2799.72
2802.03
2796.78
2782.95
2759.48
2725.29
2679.36
2620.81
2548.99
622.998
511.559
436.948
385.797
350.522
326.475
310.635
300.949
295.971
294.652
296.218
300.085
305.807
313.043
321.527
331.052
341.455
352.611
364.418
376.799
389.692
403.049
416.833
431.016
445.574
460.493
475.758
491.362
507.298
523.562
540.151
557.065
574.303
591.867
609.756
627.973
646.52
665.399
684.612
704.161
724.048
744.274
764.842
785.752
807.007
828.605
850.548
872.836
895.467
918.441
941.755
965.408
989.395
1013.71
1038.36
1063.32
1088.6
1114.18
1140.05
1166.21
1192.64
1219.33
1246.25
1273.4
1300.75
1328.28
1355.95
1383.74
1411.62
1439.54
1467.47
1495.35
1523.12
1550.73
1578.11
1605.17
1631.84
1658
1683.56
1708.39
1732.34
1755.28
1777.02
1797.37
1816.13
1833.06
1847.91
1860.4
1870.21
1877.04
1880.52
1880.3
1876
1867.23
1853.62
1834.8
1810.45
1780.29
1744.11
1701.81
1653.41
644.419
520.808
437.369
378.86
336.938
306.638
284.808
269.342
258.776
252.058
248.412
247.251
248.126
250.686
254.655
259.813
265.984
273.025
280.823
289.284
298.332
307.905
317.953
328.434
339.315
350.569
362.173
374.11
386.365
398.925
411.783
424.93
438.36
452.068
466.051
480.306
494.829
509.619
524.674
539.993
555.573
571.413
587.513
603.868
620.479
637.342
654.454
671.812
689.413
707.253
725.326
743.626
762.149
780.885
799.828
818.969
838.296
857.798
877.464
897.278
917.224
937.286
957.443
977.673
997.953
1018.26
1038.55
1058.81
1079
1099.07
1118.98
1138.69
1158.14
1177.27
1196.02
1214.33
1232.11
1249.28
1265.75
1281.42
1296.19
1309.93
1322.52
1333.84
1343.72
1352.03
1358.6
1363.26
1365.83
1366.15
1364.03
1359.29
1351.77
1341.29
1327.72
1310.94
1290.85
1267.4
1240.57
1210.41
1176.99
653.362
521.647
433.203
370.907
325.683
292.262
267.366
248.843
235.218
225.442
218.748
214.561
212.44
212.041
213.094
215.38
218.725
222.985
228.044
233.805
240.187
247.124
254.56
262.449
270.752
279.437
288.475
297.843
307.523
317.497
327.753
338.277
349.06
360.093
371.37
382.882
394.626
406.594
418.784
431.19
443.808
456.634
469.665
482.895
496.321
509.938
523.742
537.726
551.886
566.215
580.706
595.353
610.147
625.079
640.139
655.317
670.602
685.979
701.436
716.957
732.525
748.122
763.727
779.319
794.875
810.367
825.768
841.048
856.172
871.105
885.807
900.237
914.348
928.09
941.412
954.254
966.557
978.255
989.277
999.549
1008.99
1017.52
1025.06
1031.5
1036.76
1040.74
1043.34
1044.46
1044.01
1041.89
1038
1032.26
1024.59
1014.92
1003.21
989.413
973.512
955.513
935.445
913.362
889.346
654.345
516.623
425.175
360.965
314.206
279.341
252.976
232.917
217.679
206.217
197.776
191.792
187.836
185.575
184.748
185.145
186.595
188.961
192.128
196
200.499
205.557
211.119
217.136
223.568
230.38
237.542
245.03
252.821
260.897
269.24
277.837
286.674
295.743
305.031
314.531
324.235
334.135
344.226
354.499
364.951
375.574
386.363
397.313
408.417
419.669
431.063
442.594
454.253
466.033
477.928
489.927
502.024
514.206
526.466
538.79
551.167
563.584
576.027
588.481
600.929
613.353
625.734
638.052
650.284
662.408
674.396
686.223
697.857
709.269
720.425
731.288
741.822
751.984
761.734
771.024
779.809
788.038
795.658
802.615
808.853
814.314
818.937
822.663
825.43
827.176
827.843
827.37
825.702
822.786
818.574
813.024
806.099
797.775
788.033
776.869
764.288
750.31
734.968
718.312
700.403
650.043
507.635
414.399
349.378
302.103
266.756
239.842
219.131
203.132
190.806
181.41
174.391
169.333
165.915
163.884
163.039
163.217
164.286
166.136
168.675
171.827
175.527
179.721
184.36
189.405
194.822
200.579
206.652
213.016
219.653
226.545
233.677
241.033
248.604
256.376
264.341
272.488
280.81
289.299
297.947
306.746
315.691
324.774
333.988
343.326
352.783
362.35
372.02
381.786
391.639
401.573
411.577
421.642
431.759
441.918
452.106
462.312
472.524
482.727
492.907
503.05
513.138
523.154
533.079
542.894
552.577
562.106
571.458
580.607
589.526
598.189
606.564
614.623
622.331
629.656
636.562
643.012
648.97
654.396
659.251
663.495
667.085
669.983
672.146
673.535
674.111
673.835
672.674
670.593
667.564
663.561
658.564
652.557
645.532
637.486
628.424
618.36
607.315
595.318
582.41
568.636
641.361
495.586
401.566
336.536
289.427
254.211
227.319
206.5
190.266
177.587
167.732
160.162
154.473
150.356
147.566
145.912
145.239
145.419
146.349
147.94
150.121
152.829
156.012
159.623
163.626
167.985
172.671
177.658
182.924
188.449
194.215
200.206
206.408
212.808
219.394
226.156
233.084
240.168
247.4
254.772
262.276
269.905
277.65
285.505
293.462
301.513
309.653
317.871
326.162
334.517
342.926
351.383
359.876
368.397
376.935
385.48
394.02
402.543
411.037
419.488
427.883
436.206
444.441
452.572
460.583
468.453
476.164
483.697
491.029
498.139
505.003
511.598
517.899
523.879
529.514
534.774
539.633
544.062
548.032
551.514
554.479
556.898
558.744
559.987
560.601
560.562
559.844
558.426
556.29
553.417
549.796
545.417
540.273
534.365
527.694
520.271
512.109
503.227
493.651
483.411
472.542
630.064
481.665
387.476
322.935
276.421
241.72
215.207
194.622
178.482
165.774
155.777
147.97
141.959
137.445
134.195
132.026
130.789
130.363
130.649
131.564
133.04
135.018
137.447
140.284
143.493
147.041
150.899
155.043
159.45
164.102
168.98
174.069
179.354
184.824
190.465
196.267
202.22
208.314
214.541
220.892
227.358
233.933
240.608
247.375
254.228
261.158
268.158
275.22
282.336
289.499
296.7
303.93
311.18
318.441
325.704
332.958
340.193
347.397
354.559
361.667
368.709
375.67
382.537
389.296
395.931
402.426
408.766
414.932
420.908
426.675
432.214
437.505
442.529
447.265
451.692
455.789
459.534
462.907
465.885
468.446
470.571
472.237
473.426
474.117
474.293
473.936
473.032
471.566
469.528
466.908
463.699
459.897
455.502
450.516
444.944
438.796
432.085
424.827
417.043
408.756
399.994
616.447
466.293
372.516
308.874
263.269
229.346
203.449
183.319
167.488
154.959
145.03
137.191
131.062
126.357
122.851
120.367
118.766
117.931
117.77
118.204
119.167
120.604
122.467
124.717
127.316
130.235
133.447
136.928
140.656
144.614
148.783
153.149
157.698
162.417
167.294
172.319
177.482
182.773
188.183
193.703
199.327
205.044
210.849
216.732
222.688
228.707
234.783
240.908
247.075
253.275
259.5
265.743
271.994
278.245
284.487
290.71
296.905
303.061
309.168
315.216
321.192
327.085
332.882
338.572
344.14
349.574
354.859
359.981
364.926
369.677
374.219
378.536
382.613
386.433
389.979
393.234
396.183
398.808
401.093
403.023
404.58
405.752
406.522
406.877
406.806
406.296
405.337
403.921
402.042
399.693
396.872
393.579
389.813
385.58
380.885
375.736
370.147
364.129
357.701
350.88
343.689
601.135
449.941
357.035
294.6
250.129
217.167
192.043
172.514
157.133
144.922
135.196
127.463
121.356
116.598
112.975
110.318
108.493
107.391
106.924
107.016
107.606
108.642
110.079
111.878
114.006
116.435
119.137
122.092
125.278
128.679
132.276
136.057
140.007
144.115
148.368
152.757
157.272
161.903
166.641
171.479
176.408
181.42
186.508
191.665
196.882
202.153
207.47
212.826
218.214
223.626
229.054
234.49
239.927
245.357
250.77
256.159
261.513
266.825
272.085
277.282
282.407
287.45
292.399
297.243
301.972
306.573
311.034
315.344
319.49
323.459
327.239
330.816
334.177
337.309
340.198
342.833
345.199
347.283
349.074
350.559
351.727
352.565
353.064
353.214
353.007
352.433
351.488
350.165
348.46
346.371
343.896
341.037
337.796
334.176
330.184
325.828
321.117
316.064
310.682
304.986
298.994
584.679
433.008
341.323
280.318
237.137
205.256
181.009
162.175
147.334
135.53
126.1
118.565
112.573
107.858
104.215
101.484
99.5357
98.268
97.596
97.4498
97.7708
98.5095
99.6239
101.078
102.839
104.882
107.18
109.714
112.464
115.414
118.546
121.849
125.308
128.913
132.652
136.515
140.493
144.577
148.759
153.029
157.381
161.807
166.299
170.851
175.455
180.104
184.791
189.509
194.251
199.011
203.78
208.551
213.317
218.071
222.804
227.509
232.177
236.8
241.37
245.878
250.314
254.671
258.937
263.104
267.162
271.1
274.909
278.578
282.097
285.454
288.64
291.644
294.454
297.061
299.453
301.619
303.551
305.237
306.667
307.833
308.726
309.337
309.658
309.682
309.404
308.817
307.918
306.702
305.168
303.314
301.141
298.65
295.844
292.726
289.303
285.582
281.57
277.278
272.717
267.9
262.841
567.142
415.643
325.527
266.146
224.378
193.664
170.362
152.285
138.042
126.705
117.628
110.353
104.54
99.9341
96.3397
93.6038
91.6046
90.2444
89.4429
89.1342
89.263
89.7827
90.6536
91.8416
93.3172
95.0545
97.0309
99.2263
101.623
104.204
106.956
109.865
112.919
116.107
119.419
122.844
126.374
130.001
133.716
137.511
141.38
145.314
149.306
153.351
157.44
161.568
165.727
169.911
174.114
178.328
182.547
186.764
190.972
195.164
199.333
203.471
207.572
211.628
215.63
219.572
223.445
227.241
230.952
234.569
238.084
241.489
244.773
247.929
250.948
253.82
256.538
259.091
261.47
263.669
265.676
267.484
269.086
270.471
271.634
272.567
273.263
273.715
273.917
273.866
273.555
272.982
272.143
271.036
269.66
268.015
266.101
263.921
261.477
258.773
255.814
252.606
249.157
245.474
241.569
237.45
233.129
548.938
398.101
309.813
252.197
211.924
182.433
160.118
142.834
129.225
118.389
109.706
102.731
97.1391
92.6875
89.1892
86.4985
84.5
83.1007
82.2251
81.8108
81.8055
82.1654
82.8532
83.8369
85.0885
86.584
88.3019
90.2234
92.3316
94.6113
97.0489
99.6319
102.349
105.189
108.143
111.201
114.355
117.597
120.919
124.313
127.773
131.292
134.862
138.478
142.133
145.82
149.533
153.267
157.014
160.769
164.525
168.276
172.015
175.736
179.433
183.099
186.726
190.309
193.84
197.313
200.72
204.054
207.307
210.473
213.544
216.513
219.371
222.111
224.726
227.208
229.55
231.743
233.782
235.657
237.363
238.893
240.238
241.394
242.355
243.113
243.665
244.004
244.128
244.031
243.711
243.165
242.39
241.387
240.153
238.691
236.999
235.081
232.94
230.578
228.001
225.214
222.222
219.034
215.658
212.101
208.374
530.207
380.517
294.285
238.546
199.826
171.59
150.285
133.815
120.859
110.546
102.277
95.6277
90.2859
86.0192
82.65
80.0399
78.0793
76.6804
75.7717
75.2943
75.199
75.4445
75.9959
76.8228
77.8992
79.2024
80.7123
82.4112
84.2832
86.3142
88.4912
90.8024
93.2372
95.7856
98.4383
101.187
104.023
106.938
109.927
112.981
116.094
119.259
122.47
125.721
129.006
132.318
135.653
139.003
142.364
145.729
149.092
152.448
155.79
159.114
162.412
165.678
168.908
172.094
175.23
178.31
181.327
184.276
187.149
189.941
192.645
195.253
197.761
200.16
202.445
204.609
206.646
208.549
210.313
211.93
213.396
214.704
215.849
216.826
217.63
218.256
218.701
218.96
219.029
218.907
218.59
218.077
217.367
216.458
215.351
214.046
212.545
210.85
208.962
206.886
204.626
202.186
199.571
196.789
193.845
190.747
187.503
511.069
362.988
279.016
225.243
188.115
161.153
140.869
125.219
112.923
103.143
95.3019
88.9925
83.9178
79.8562
76.6386
74.1338
72.238
70.8682
69.9569
69.4485
69.2968
69.4629
69.9139
70.6214
71.5609
72.7111
74.0531
75.5705
77.2483
79.0731
81.0329
83.1166
85.3141
87.6161
90.0138
92.4991
95.0645
97.7025
100.406
103.17
105.986
108.849
111.752
114.691
117.659
120.651
123.661
126.683
129.713
132.744
135.772
138.791
141.795
144.78
147.739
150.667
153.558
156.408
159.21
161.958
164.648
167.273
169.827
172.305
174.702
177.011
179.226
181.343
183.355
185.257
187.043
188.709
190.248
191.656
192.927
194.058
195.043
195.878
196.56
197.084
197.447
197.646
197.679
197.544
197.238
196.76
196.11
195.286
194.291
193.123
191.785
190.278
188.605
186.769
184.774
182.623
180.321
177.874
175.288
172.569
169.723
491.703
345.63
264.077
212.331
176.816
151.133
131.869
117.037
105.402
96.1556
88.7462
82.7842
77.9865
74.1423
71.0912
68.7087
66.8969
65.5772
64.686
64.1709
63.9885
64.1022
64.481
65.0983
65.9313
66.9598
68.1664
69.5353
71.0526
72.7059
74.4838
76.376
78.373
80.4659
82.6466
84.9076
87.2416
89.6417
92.1016
94.615
97.176
99.7787
102.418
105.087
107.783
110.498
113.228
115.968
118.713
121.458
124.198
126.927
129.641
132.335
135.003
137.641
140.244
142.807
145.324
147.79
150.201
152.551
154.835
157.049
159.186
161.243
163.213
165.093
166.877
168.561
170.139
171.607
172.961
174.197
175.309
176.295
177.15
177.871
178.455
178.899
179.199
179.355
179.362
179.221
178.929
178.486
177.891
177.144
176.245
175.196
173.998
172.652
171.162
169.528
167.756
165.847
163.808
161.642
159.354
156.95
154.436
472.222
328.516
249.515
199.838
165.945
141.535
123.282
109.259
98.2778
89.5615
82.5826
76.9697
72.4533
68.8334
65.958
63.7093
61.9947
60.7402
59.8859
59.3824
59.1889
59.2711
59.5998
60.1503
60.9009
61.8329
62.9298
64.1771
65.5616
67.0717
68.6967
70.427
72.2536
74.1684
76.1636
78.2322
80.3673
82.5627
84.8121
87.1099
89.4504
91.8282
94.2381
96.6749
99.1337
101.61
104.098
106.594
109.092
111.589
114.079
116.558
119.021
121.464
123.882
126.27
128.624
130.94
133.212
135.437
137.609
139.724
141.778
143.765
145.683
147.525
149.288
150.967
152.559
154.058
155.461
156.765
157.964
159.056
160.036
160.902
161.651
162.279
162.784
163.163
163.414
163.536
163.526
163.383
163.107
162.696
162.151
161.472
160.658
159.712
158.634
157.426
156.09
154.629
153.045
151.343
149.524
147.594
145.558
143.419
141.182
452.657
311.687
235.357
187.781
155.507
132.36
115.102
101.875
91.536
83.3413
76.7876
71.5212
67.2864
63.8936
61.1988
59.0909
57.4826
56.304
55.4988
55.0206
54.8311
54.898
55.1941
55.696
56.3836
57.2394
58.2478
59.3952
60.6694
62.0596
63.5556
65.1485
66.8299
68.5921
70.428
72.3309
74.2944
76.3126
78.3798
80.4905
82.6395
84.8217
87.0323
89.2665
91.5196
93.7871
96.0644
98.3472
100.631
102.912
105.185
107.446
109.691
111.916
114.116
116.288
118.427
120.529
122.59
124.606
126.572
128.484
130.34
132.133
133.861
135.52
137.105
138.614
140.041
141.384
142.639
143.802
144.871
145.841
146.711
147.477
148.137
148.688
149.127
149.454
149.666
149.761
149.738
149.597
149.336
148.955
148.455
147.835
147.096
146.238
145.264
144.174
142.971
141.657
140.235
138.707
137.076
135.347
133.523
131.608
129.607
433.169
295.218
221.64
176.175
145.509
123.603
107.321
94.873
85.1614
77.4769
71.3401
66.4149
62.4589
59.2928
56.7805
54.8174
53.3209
52.2256
51.4784
51.0357
50.8616
50.9259
51.203
51.671
52.3112
53.107
54.044
55.1095
56.292
57.5813
58.9681
60.444
62.0011
63.6322
65.3307
67.0902
68.9049
70.7692
72.6777
74.6254
76.6073
78.6188
80.6552
82.7121
84.7852
86.8702
88.963
91.0594
93.1554
95.2469
97.3301
99.4009
101.456
103.49
105.501
107.483
109.435
111.35
113.227
115.061
116.848
118.585
120.268
121.894
123.458
124.958
126.39
127.751
129.037
130.246
131.373
132.417
133.374
134.242
135.017
135.699
136.283
136.769
137.154
137.437
137.616
137.69
137.658
137.519
137.273
136.92
136.459
135.891
135.216
134.436
133.551
132.564
131.475
130.287
129.002
127.624
126.154
124.596
122.953
121.23
119.43
413.799
279.137
208.378
165.026
135.948
115.26
99.9313
88.2408
79.1397
71.9518
66.2213
61.6297
57.9477
55.0057
52.6755
50.8585
49.4772
48.4699
47.7868
47.3871
47.2371
47.3084
47.5772
48.023
48.6281
49.3773
50.2569
51.2551
52.3612
53.5657
54.8597
56.2355
57.6858
59.2038
60.7832
62.4182
64.1033
65.8333
67.6031
69.408
71.2435
73.1051
74.9886
76.8898
78.8047
80.7292
82.6596
84.5921
86.5228
88.448
90.3641
92.2675
94.1546
96.0217
97.8655
99.6823
101.469
103.221
104.937
106.611
108.242
109.825
111.358
112.837
114.259
115.621
116.92
118.152
119.316
120.408
121.426
122.366
123.227
124.005
124.7
125.309
125.829
126.259
126.598
126.844
126.996
127.052
127.013
126.878
126.645
126.316
125.889
125.367
124.748
124.035
123.228
122.328
121.338
120.259
119.093
117.843
116.511
115.1
113.613
112.054
110.426
394.542
263.462
195.582
154.336
126.822
107.324
92.9217
81.9665
73.4571
66.7504
61.4142
57.1471
53.7324
51.0102
48.86
47.1888
45.9238
45.0073
44.3925
44.0411
43.9216
44.0074
44.2763
44.7091
45.2893
46.0025
46.8362
47.7792
48.8216
49.9544
51.1695
52.4595
53.8176
55.2375
56.7134
58.2398
59.8116
61.4238
63.0719
64.7513
66.4578
68.1874
69.9359
71.6997
73.4748
75.2576
77.0445
78.8319
80.6165
82.3947
84.1631
85.9185
87.6574
89.3767
91.0731
92.7434
94.3844
95.993
97.566
99.1004
100.593
102.041
103.442
104.792
106.089
107.33
108.512
109.632
110.689
111.679
112.6
113.45
114.227
114.929
115.553
116.098
116.563
116.945
117.244
117.458
117.586
117.628
117.583
117.451
117.23
116.922
116.526
116.043
115.473
114.818
114.078
113.255
112.35
111.365
110.302
109.162
107.95
106.666
105.313
103.896
102.416
375.612
248.258
183.271
144.108
118.125
99.7856
86.2819
76.0377
68.0999
61.8581
56.903
52.9501
49.795
47.2872
45.3134
43.7862
42.6375
41.813
41.2689
40.9694
40.8851
40.9912
41.2667
41.6938
42.2571
42.9432
43.7403
44.6381
45.6273
46.6994
47.847
49.0632
50.3415
51.6762
53.0617
54.493
55.9652
57.4739
59.0146
60.5832
62.1757
63.7883
65.4174
67.0592
68.7103
70.3672
72.0267
73.6854
75.3401
76.9876
78.6248
80.2486
81.856
83.4439
85.0095
86.5496
88.0615
89.5423
90.9892
92.3993
93.7699
95.0983
96.3819
97.6181
98.8042
99.9379
101.017
102.038
103
103.901
104.737
105.508
106.211
106.844
107.407
107.896
108.312
108.652
108.916
109.102
109.21
109.239
109.189
109.058
108.848
108.558
108.189
107.74
107.213
106.608
105.927
105.17
104.339
103.435
102.461
101.418
100.308
99.1346
97.8989
96.6041
95.2528
356.882
233.503
171.44
134.336
109.85
92.6356
80.0008
70.4425
63.0553
57.2611
52.6732
49.0234
46.1193
43.8196
42.0176
40.6317
39.5979
38.8655
38.3934
38.1482
38.1024
38.2329
38.52
38.9472
39.5001
40.1662
40.9345
41.7953
42.74
43.7608
44.8505
46.0029
47.2119
48.4722
49.7785
51.1261
52.5106
53.9277
55.3733
56.8437
58.335
59.8436
61.3663
62.8995
64.4401
65.9848
67.5306
69.0743
70.6131
72.1439
73.6639
75.1703
76.6602
78.1308
79.5795
81.0035
82.4001
83.7669
85.1011
86.4004
87.662
88.8837
90.063
91.1976
92.2852
93.3236
94.3106
95.244
96.122
96.9425
97.7038
98.4039
99.0414
99.6146
100.122
100.562
100.935
101.237
101.47
101.631
101.721
101.738
101.682
101.554
101.352
101.078
100.731
100.313
99.8222
99.2611
98.6302
97.9308
97.1641
96.3315
95.4347
94.4755
93.4558
92.3778
91.2436
90.0557
88.8166
338.498
219.242
160.098
125.018
101.99
85.8642
74.0673
65.169
58.3108
52.9464
48.7114
45.3531
42.6909
40.5921
38.9569
37.7086
36.7876
36.1463
35.7464
35.5569
35.5518
35.7097
36.0123
36.4441
36.9918
37.6436
38.3894
39.22
40.1275
41.1046
42.1447
43.2418
44.3904
45.5854
46.822
48.0958
49.4027
50.7385
52.0996
53.4824
54.8834
56.2993
57.7269
59.163
60.6046
62.0488
63.4926
64.9333
66.3681
67.7943
69.2091
70.61
71.9944
73.3598
74.7035
76.0232
77.3165
78.5809
79.8141
81.0138
82.1778
83.3037
84.3895
85.4331
86.4323
87.3853
88.2899
89.1445
89.9471
90.6962
91.3899
92.0269
92.6055
93.1246
93.5827
93.9788
94.3118
94.5808
94.785
94.9237
94.9963
95.0025
94.942
94.8146
94.6203
94.3593
94.032
93.6387
93.1801
92.6569
92.0702
91.4208
90.71
89.9393
89.11
88.2239
87.2827
86.2884
85.2429
84.1484
83.0072
320.541
205.494
149.248
116.149
94.5355
79.4612
68.4704
60.2054
53.8543
48.9018
45.0049
41.9262
39.4964
37.591
36.1167
35.002
34.1909
33.6392
33.3111
33.1775
33.2145
33.402
33.7229
34.1628
34.7094
35.3516
36.08
36.8861
37.7626
38.7025
39.6998
40.7488
41.8445
42.9821
44.1571
45.3655
46.6033
47.8667
49.1524
50.4569
51.7771
53.1098
54.452
55.8008
57.1534
58.5072
59.8593
61.2072
62.5482
63.88
65.2
66.5059
67.7951
69.0654
70.3145
71.5401
72.7401
73.9121
75.0541
76.1641
77.2398
78.2793
79.2808
80.2422
81.1617
82.0375
82.8679
83.6512
84.3859
85.0703
85.7031
86.2829
86.8084
87.2785
87.6919
88.0478
88.3453
88.5835
88.7617
88.8795
88.9364
88.932
88.8662
88.7389
88.5501
88.3002
87.9893
87.6179
87.1867
86.6964
86.1478
85.542
84.8801
84.1633
83.3931
82.5709
81.6984
80.7773
79.8096
78.7971
77.742
302.868
192.233
138.88
107.72
87.4777
73.416
63.1989
55.5406
49.6746
45.1158
41.5421
38.7309
36.5235
34.8038
33.4845
32.4986
31.7942
31.3299
31.0724
30.9947
31.0743
31.2927
31.634
32.0847
32.6333
33.2697
33.9849
34.7713
35.6217
36.5299
37.4901
38.4973
39.5465
40.6334
41.7538
42.9039
44.08
45.2787
46.4967
47.731
48.9784
50.2361
51.5014
52.7715
54.0438
55.3158
56.5849
57.8488
59.105
60.3514
61.5855
62.8051
64.0081
65.1922
66.3555
67.4958
68.611
69.6992
70.7585
71.7869
72.7826
73.7437
74.6685
75.5553
76.4023
77.2081
77.971
78.6896
79.3624
79.9881
80.5654
81.0931
81.5701
81.9954
82.3679
82.687
82.9517
83.1614
83.3156
83.4138
83.4557
83.441
83.3696
83.2415
83.0567
82.8156
82.5184
82.1657
81.758
81.296
80.7806
80.2127
79.5933
78.9237
78.2051
77.4389
76.6267
75.7701
74.8707
73.9304
72.951
285.772
179.524
129.004
99.7274
80.8075
67.7185
58.2423
51.1636
45.7606
41.5774
38.312
35.756
33.7613
32.2193
31.0484
30.1865
29.5851
29.2056
29.0172
28.9946
29.117
29.367
29.7301
30.1936
30.7468
31.3802
32.0858
32.8561
33.6847
34.5657
35.4939
36.4643
37.4725
38.5144
39.5862
40.6842
41.8051
42.9456
44.1027
45.2736
46.4553
47.6453
48.8409
50.0396
51.239
52.4368
53.6305
54.8181
55.9972
57.1658
58.3216
59.4628
60.5872
61.6929
62.7779
63.8403
64.8783
65.8901
66.8738
67.8278
68.7504
69.6399
70.4947
71.3132
72.0941
72.8358
73.5369
74.1962
74.8124
75.3842
75.9105
76.3904
76.8228
77.2068
77.5416
77.8265
78.0608
78.244
78.3756
78.4552
78.4825
78.4575
78.38
78.2501
78.068
77.8338
77.5479
77.2108
76.8231
76.3855
75.8988
75.3637
74.7815
74.1531
73.4797
72.7628
72.0036
71.2036
70.3644
69.4877
68.5753
269.068
167.327
119.607
92.1607
74.515
62.3584
53.5901
47.0642
42.102
38.2763
35.3043
32.9915
31.1994
29.8269
28.798
28.055
27.5526
27.2551
27.1337
27.1651
27.3298
27.6118
27.9975
28.4752
29.0349
29.6678
30.3665
31.1239
31.9343
32.792
33.6921
34.6302
35.6021
36.6039
37.6321
38.6834
39.7545
40.8426
41.9446
43.0581
44.1802
45.3087
46.4409
47.5747
48.7077
49.8378
50.9628
52.0806
53.1893
54.2868
55.3711
56.4404
57.4929
58.5267
59.54
60.5311
61.4983
62.4399
63.3544
64.2401
65.0955
65.9192
66.7097
67.4655
68.1855
68.8682
69.5124
70.117
70.6809
71.203
71.6822
72.1178
72.5088
72.8545
73.1541
73.407
73.6128
73.7709
73.8809
73.9426
73.9558
73.9204
73.8364
73.7037
73.5228
73.2937
73.0169
72.6928
72.322
71.9052
71.4432
70.9367
70.3867
69.7944
69.1607
68.4869
67.7743
67.0243
66.2384
65.418
64.5647
252.853
155.664
110.689
85.0127
68.5908
57.3256
49.2322
43.2321
38.689
35.2029
32.5096
30.4277
28.8283
27.6171
26.7237
26.0942
25.6867
25.4681
25.4115
25.4954
25.7017
26.0155
26.4242
26.917
27.4846
28.1189
28.8128
29.5601
30.355
31.1926
32.0683
32.9778
33.9173
34.8833
35.8724
36.8815
37.9077
38.9481
40.0002
41.0614
42.1293
43.2016
44.276
45.3504
46.4227
47.4908
48.5528
49.6067
50.6507
51.6828
52.7015
53.7048
54.6911
55.6587
56.606
57.5313
58.4333
59.3103
60.1608
60.9835
61.7769
62.5398
63.2708
63.9686
64.6322
65.2603
65.8518
66.4057
66.921
67.3967
67.8321
68.2264
68.5787
68.8884
69.1549
69.3778
69.5565
69.6906
69.78
69.8243
69.8235
69.7774
69.6862
69.55
69.3689
69.1432
68.8734
68.5599
68.2033
67.8042
67.3633
66.8815
66.3596
65.7987
65.1998
64.564
63.8925
63.1866
62.4477
61.6772
60.8765
237.287
144.563
102.249
78.2763
63.0258
52.6105
45.1588
39.658
35.5123
32.348
29.9188
28.0559
26.6392
25.5812
24.8166
24.2953
23.9785
23.8353
23.8411
23.9757
24.2226
24.5678
24.9996
25.5081
26.0846
26.7216
27.4126
28.1517
28.9337
29.7538
30.608
31.4921
32.4027
33.3365
34.2903
35.2612
36.2465
37.2436
38.2501
39.2636
40.2818
41.3027
42.3241
43.344
44.3604
45.3715
46.3755
47.3705
48.3548
49.3268
50.2847
51.2271
52.1522
53.0586
53.9448
54.8094
55.6508
56.4679
57.2591
58.0233
58.7592
59.4656
60.1412
60.7851
61.3962
61.9733
62.5156
63.0221
63.4919
63.9244
64.3186
64.674
64.9898
65.2656
65.5008
65.695
65.8478
65.959
66.0282
66.0555
66.0406
65.9837
65.8848
65.7439
65.5615
65.3378
65.0731
64.768
64.423
64.0388
63.6159
63.1553
62.6578
62.1243
61.5558
60.9533
60.3181
59.6512
58.954
58.2277
57.4737
222.119
133.976
94.273
71.9414
57.8102
48.2034
41.3605
36.3326
32.5628
29.7029
27.5235
25.8676
24.6238
23.711
23.0685
22.65
22.4195
22.3484
22.4139
22.5974
22.8835
23.2593
23.7141
24.2385
24.8245
25.4653
26.1548
26.8874
27.6584
28.4634
29.2985
30.16
31.0446
31.9492
32.8709
33.8071
34.7551
35.7127
36.6774
37.6471
38.6197
39.5933
40.5658
41.5354
42.5003
43.4588
44.4091
45.3496
46.2787
47.1949
48.0966
48.9823
49.8507
50.7002
51.5296
52.3375
53.1227
53.8839
54.6199
55.3295
56.0116
56.6652
57.2891
57.8825
58.4443
58.9737
59.4697
59.9317
60.3588
60.7503
61.1056
61.4242
61.7055
61.9489
62.1542
62.3209
62.4488
62.5376
62.5873
62.5977
62.5687
62.5005
62.3932
62.2469
62.062
61.8387
61.5775
61.2788
60.9431
60.5712
60.1637
59.7212
59.2447
58.735
58.1931
57.6199
57.0166
56.3842
55.7239
55.037
54.3246
207.687
123.962
86.7649
66.0018
52.9355
44.0954
37.8285
33.2473
29.8324
27.2596
25.3158
23.8552
22.7748
21.9991
21.4721
21.1509
21.0022
20.9997
21.1222
21.3525
21.6764
22.0819
22.5591
23.0994
23.6954
24.3407
25.0296
25.7571
26.5188
27.3105
28.1286
28.9698
29.8308
30.709
31.6015
32.5059
33.4198
34.341
35.2672
36.1966
37.1272
38.057
38.9843
39.9074
40.8245
41.7341
42.6346
43.5245
44.4022
45.2665
46.1157
46.9487
47.764
48.5605
49.3368
50.0918
50.8243
51.5332
52.2174
52.8758
53.5075
54.1114
54.6867
55.2325
55.7479
56.2322
56.6846
57.1044
57.4909
57.8436
58.162
58.4455
58.6937
58.9062
59.0826
59.2228
59.3265
59.3935
59.4239
59.4174
59.3742
59.2943
59.178
59.0254
58.8369
58.6127
58.3533
58.0592
57.7309
57.3689
56.9741
56.5471
56.0886
55.5996
55.0808
54.5333
53.9581
53.3562
52.7287
52.0767
51.4014
193.815
114.486
79.7134
60.4483
48.3927
40.2775
34.5541
30.3937
27.3129
25.0103
23.2882
22.0116
21.0848
20.4384
20.0203
19.7911
19.7198
19.7823
19.9589
20.2338
20.5938
21.0279
21.5269
22.0829
22.689
23.3393
24.0285
24.7519
25.5055
26.2855
27.0884
27.9112
28.7509
29.6048
30.4706
31.3458
32.2282
33.1158
34.0066
34.8987
35.7902
36.6794
37.5648
38.4445
39.3172
40.1813
41.0354
41.8779
42.7077
43.5233
44.3235
45.1071
45.8728
46.6194
47.3459
48.0512
48.7341
49.3938
50.0291
50.6393
51.2233
51.7804
52.3097
52.8104
53.2819
53.7233
54.1342
54.5139
54.8618
55.1775
55.4604
55.7102
55.9266
56.1092
56.2578
56.3722
56.4522
56.4978
56.5089
56.4856
56.4279
56.3359
56.2099
56.0502
55.857
55.6306
55.3716
55.0804
54.7575
54.4035
54.0192
53.605
53.1619
52.6907
52.1921
51.6671
51.1166
50.5416
49.9432
49.3223
48.6802
180.514
105.552
73.1126
55.2728
44.1731
36.7413
31.5291
27.7642
24.997
22.9479
21.4338
20.3298
19.5474
19.0224
18.7068
18.5641
18.5659
18.6897
18.9176
19.2348
19.6292
20.0907
20.6107
21.1819
21.798
22.4535
23.1435
23.8637
24.6104
25.3798
26.169
26.975
27.7952
28.627
29.4681
30.3163
31.1697
32.0262
32.884
33.7413
34.5965
35.448
36.2941
37.1335
37.9646
38.7861
39.5966
40.3949
41.1796
41.9496
42.7037
43.4407
44.1597
44.8594
45.5388
46.1971
46.8333
47.4463
48.0355
48.5999
49.1387
49.6513
50.1368
50.5947
51.0242
51.4248
51.796
52.1373
52.4481
52.7281
52.977
53.1943
53.3799
53.5335
53.6549
53.744
53.8008
53.8251
53.8171
53.7768
53.7043
53.5997
53.4635
53.2957
53.0968
52.8671
52.6071
52.3172
51.9981
51.6502
51.2742
50.8707
50.4406
49.9846
49.5034
48.998
48.4692
47.918
47.3453
46.7522
46.1396
168.047
97.1929
66.9624
50.4686
40.2689
33.4788
28.7458
25.3511
22.8774
21.0655
19.7461
18.8035
18.1563
17.745
17.5255
17.4641
17.5345
17.7161
17.9923
18.3494
18.7764
19.2639
19.804
20.3899
21.0158
21.6766
22.3678
23.0854
23.8258
24.5858
25.3626
26.1532
26.9553
27.7666
28.5849
29.4082
30.2345
31.062
31.8891
32.714
33.5353
34.3514
35.1608
35.9623
36.7544
37.5358
38.3054
39.062
39.8043
40.5312
41.2418
41.9349
42.6095
43.2648
43.8997
44.5135
45.1051
45.6739
46.2191
46.7399
47.2357
47.7057
48.1494
48.5662
48.9556
49.317
49.6501
49.9543
50.2294
50.475
50.6908
50.8766
51.0322
51.1575
51.2522
51.3165
51.3502
51.3534
51.3262
51.2686
51.181
51.0634
50.9162
50.7396
50.534
50.2999
50.0376
49.7477
49.4306
49.087
48.7175
48.3227
47.9034
47.4603
46.9941
46.5058
45.996
45.4658
44.9159
44.3475
43.7613
156.075
89.3574
61.2486
46.0268
36.6717
30.4821
26.1967
23.1475
20.9474
19.3567
18.2188
17.4269
16.9058
16.6008
16.4711
16.4856
16.6203
16.856
17.1775
17.5722
18.0299
18.542
19.1011
19.701
20.3363
21.0023
21.6949
22.4103
23.1452
23.8966
24.6619
25.4384
26.2238
27.0161
27.8131
28.6131
29.4141
30.2146
31.0129
31.8075
32.5969
33.3797
34.1547
34.9204
35.6757
36.4194
37.1504
37.8674
38.5696
39.2558
39.925
40.5764
41.2091
41.8221
42.4146
42.9858
43.5351
44.0616
44.5647
45.0438
45.4983
45.9275
46.3311
46.7084
47.059
47.3826
47.6788
47.9472
48.1876
48.3998
48.5834
48.7384
48.8646
48.962
49.0305
49.0702
49.081
49.0631
49.0165
48.9415
48.8383
48.7072
48.5483
48.3621
48.149
47.9093
47.6435
47.3522
47.0358
46.6949
46.3302
45.9422
45.5317
45.0994
44.6461
44.1724
43.6792
43.1674
42.6378
42.0913
41.5288
144.952
82.0931
55.9727
41.941
33.3743
27.7439
23.8747
21.1465
19.2007
17.8155
16.8462
16.1943
15.7905
15.5843
15.5382
15.6235
15.8181
16.1043
16.4681
16.8981
17.3845
17.9197
18.4967
19.1098
19.7541
20.4251
21.1191
21.8326
22.5624
23.306
24.0605
24.8239
25.5938
26.3683
27.1455
27.9236
28.7009
29.476
30.2472
31.0132
31.7726
32.5241
33.2665
33.9985
34.719
35.427
36.1212
36.8009
37.4648
38.1123
38.7422
39.3539
39.9464
40.519
41.071
41.6016
42.1102
42.5961
43.0589
43.4978
43.9125
44.3024
44.6671
45.0063
45.3194
45.6063
45.8667
46.1003
46.3069
46.4863
46.6384
46.7632
46.8605
46.9304
46.9729
46.9881
46.976
46.9368
46.8708
46.778
46.6588
46.5135
46.3424
46.1458
45.9242
45.6779
45.4076
45.1135
44.7964
44.4568
44.0953
43.7125
43.309
42.8856
42.4431
41.982
41.5033
41.0076
40.4959
39.969
39.4276
134.552
75.3786
51.1259
38.2038
30.3693
25.2571
21.7732
19.342
17.6313
16.4361
15.6228
15.1005
14.8053
14.6906
14.722
14.873
15.1232
15.4564
15.8596
16.3223
16.8356
17.3922
17.9859
18.6114
19.2641
19.9399
20.6352
21.3469
22.0721
22.8082
23.5528
24.3038
25.0592
25.817
26.5755
27.3331
28.0881
28.8392
29.5849
30.3239
31.0549
31.7768
32.4882
33.1882
33.8757
34.5496
35.209
35.8529
36.4805
37.0909
37.6833
38.2569
38.811
39.3449
39.8579
40.3494
40.8189
41.2657
41.6895
42.0897
42.4659
42.8177
43.1447
43.4468
43.7235
43.9746
44.2
44.3995
44.5729
44.7202
44.8414
44.9363
45.005
45.0477
45.0643
45.055
45.02
44.9595
44.8736
44.7627
44.6271
44.467
44.2829
44.0752
43.8442
43.5904
43.3143
43.0165
42.6974
42.3577
41.9979
41.6186
41.2206
40.8044
40.3708
39.9205
39.4543
38.9727
38.4768
37.9672
37.4447
124.781
69.1994
46.7007
34.808
27.6496
23.0148
19.8857
17.7277
16.2334
15.2131
14.5434
14.1405
13.9453
13.9151
14.018
14.2297
14.5313
14.9079
15.3476
15.8405
16.3786
16.9552
17.5644
18.2013
18.8617
19.5419
20.2384
20.9484
21.6691
22.3983
23.1335
23.8729
24.6145
25.3565
26.0974
26.8356
27.5695
28.2979
29.0194
29.7328
30.4369
31.1305
31.8126
32.4821
33.1381
33.7795
34.4056
35.0154
35.6082
36.1831
36.7394
37.2764
37.7935
38.2901
38.7656
39.2193
39.651
40.06
40.446
40.8085
41.1473
41.462
41.7524
42.0182
42.2593
42.4754
42.6665
42.8325
42.9733
43.0889
43.1794
43.2448
43.2851
43.3006
43.2914
43.2576
43.1994
43.1173
43.0113
42.8818
42.7292
42.5539
42.3561
42.1364
41.8952
41.633
41.3502
41.0474
40.7252
40.3841
40.0247
39.6476
39.2534
38.8429
38.4166
37.9753
37.5197
37.0505
36.5684
36.0742
35.5686
116.008
63.5977
42.6973
31.7477
25.2086
21.0108
18.2061
16.2981
15.0017
14.1414
13.6032
13.3096
13.2062
13.2535
13.422
13.6893
14.0382
14.4547
14.9279
15.4487
16.0097
16.6045
17.2279
17.8754
18.5428
19.2269
19.9244
20.6326
21.349
22.0715
22.7978
23.5261
24.2547
24.9818
25.706
26.4257
27.1396
27.8465
28.545
29.234
29.9124
30.5791
31.2332
31.8736
32.4994
33.1098
33.7039
34.281
34.8402
35.381
35.9025
36.4043
36.8857
37.3462
37.7853
38.2025
38.5974
38.9696
39.3189
39.6447
39.947
40.2255
40.4799
40.7103
40.9163
41.098
41.2553
41.3882
41.4968
41.581
41.641
41.677
41.689
41.6773
41.6421
41.5837
41.5022
41.3981
41.2716
41.1231
40.953
40.7617
40.5496
40.3172
40.065
39.7934
39.5029
39.1941
38.8676
38.5239
38.1636
37.7874
37.3957
36.9894
36.569
36.1351
35.6886
35.23
34.76
34.2794
33.7889
107.831
58.5215
39.1037
29.0158
23.0398
19.2389
16.7287
15.0476
13.931
13.2161
12.7975
12.6035
12.5837
12.7015
12.9299
13.2481
13.6401
14.093
14.5968
15.1431
15.7249
16.3364
16.9728
17.6297
18.3034
18.9909
19.689
20.3954
21.1076
21.8236
22.5414
23.2591
23.9752
24.6881
25.3964
26.0986
26.7934
27.4797
28.1563
28.8221
29.4759
30.117
30.7442
31.3566
31.9535
32.5341
33.0975
33.643
34.1699
34.6777
35.1657
35.6334
36.0802
36.5057
36.9094
37.291
37.6501
37.9864
38.2997
38.5897
38.8562
39.0991
39.3182
39.5136
39.6851
39.8328
39.9566
40.0568
40.1333
40.1863
40.216
40.2226
40.2063
40.1673
40.106
40.0226
39.9175
39.791
39.6436
39.4756
39.2874
39.0795
38.8524
38.6066
38.3424
38.0605
37.7614
37.4457
37.1138
36.7664
36.4041
36.0274
35.637
35.2335
34.8176
34.3898
33.9508
33.5013
33.042
32.5735
32.0964
100.584
54.0078
35.9196
26.6067
21.1372
17.6933
15.4481
13.9712
13.0165
12.4328
12.1221
12.018
12.0737
12.2554
12.538
12.9023
13.3333
13.8193
14.3508
14.9201
15.5208
16.1473
16.7953
17.4606
18.14
18.8302
19.5287
20.2331
20.9411
21.6507
22.3602
23.0679
23.7721
24.4714
25.1644
25.8498
26.5264
27.1931
27.8487
28.4922
29.1226
29.7389
30.3403
30.926
31.4951
32.0468
32.5805
33.0956
33.5913
34.0672
34.5226
34.9571
35.3702
35.7616
36.1309
36.4777
36.8018
37.103
37.381
37.6357
37.867
38.0748
38.2591
38.4199
38.5573
38.6712
38.7619
38.8294
38.874
38.8958
38.8951
38.8722
38.8274
38.761
38.6732
38.5646
38.4355
38.2863
38.1174
37.9293
37.7225
37.4974
37.2545
36.9944
36.7176
36.4246
36.116
35.7922
35.454
35.1019
34.7364
34.3582
33.9678
33.566
33.1532
32.7302
32.2974
31.8557
31.4056
30.9477
30.4826
94.2322
50.0483
33.139
24.5145
19.4951
16.3684
14.3589
13.0639
12.2536
11.787
11.5728
11.5491
11.6725
11.9115
12.2427
12.6483
13.1145
13.6301
14.1866
14.7765
15.394
16.034
16.6922
17.365
18.049
18.7416
19.44
20.1422
20.8459
21.5494
22.2508
22.9487
23.6414
24.3276
25.0061
25.6754
26.3346
26.9824
27.6179
28.24
28.8478
29.4405
30.0171
30.5768
31.1191
31.643
32.1481
32.6336
33.099
33.5438
33.9675
34.3697
34.75
35.1081
35.4436
35.7564
36.0461
36.3127
36.556
36.7759
36.9725
37.1456
37.2954
37.4219
37.5253
37.6056
37.6632
37.6981
37.7108
37.7013
37.6702
37.6176
37.544
37.4498
37.3354
37.2011
37.0475
36.875
36.6842
36.4754
36.2493
36.0063
35.747
35.4719
35.1815
34.8766
34.5575
34.2249
33.8793
33.5215
33.1518
32.771
32.3796
31.9782
31.5675
31.148
30.7203
30.285
29.8428
29.3943
28.9399
88.5588
46.6175
30.7544
22.7331
18.1077
15.2589
13.4562
12.3211
11.6379
11.2746
11.1456
11.1931
11.3765
11.6663
12.0407
12.483
12.9803
13.5224
14.1009
14.7091
15.3415
15.9933
16.6604
17.3395
18.0275
18.7217
19.4197
20.1194
20.8188
21.5161
22.2098
22.8981
23.5798
24.2535
24.9179
25.5718
26.2142
26.844
27.4601
28.0616
28.6477
29.2175
29.7702
30.305
30.8212
31.3182
31.7955
32.2523
32.6882
33.1028
33.4956
33.8662
34.2144
34.5397
34.8421
35.1214
35.3772
35.6097
35.8187
36.0042
36.1663
36.305
36.4205
36.5129
36.5823
36.6291
36.6536
36.6559
36.6364
36.5956
36.5337
36.4512
36.3485
36.2262
36.0846
35.9242
35.7456
35.5494
35.3359
35.1059
34.8597
34.5981
34.3216
34.0307
33.7261
33.4083
33.0779
32.7355
32.3818
32.0172
31.6424
31.2579
30.8644
30.4625
30.0527
29.6357
29.2119
28.782
28.3466
27.9062
27.4614
84.0333
43.7605
28.766
21.258
16.9698
14.3599
12.7354
11.7384
11.1653
10.8917
10.8368
10.9464
11.1822
11.5165
11.9287
12.4032
12.9278
13.4929
14.0907
14.715
15.3603
16.0222
16.697
17.3814
18.0725
18.7678
19.4649
20.1619
20.8568
21.5481
22.234
22.9131
23.5841
24.2457
24.8966
25.5357
26.162
26.7743
27.3718
27.9536
28.5187
29.0664
29.5959
30.1065
30.5976
31.0685
31.5186
31.9475
32.3547
32.7397
33.1022
33.4419
33.7585
34.0518
34.3215
34.5677
34.7901
34.9888
35.1638
35.3152
35.443
35.5474
35.6286
35.6869
35.7224
35.7356
35.7268
35.6963
35.6445
35.5719
35.479
35.3662
35.234
35.0831
34.9138
34.7268
34.5227
34.302
34.0653
33.8133
33.5465
33.2655
32.971
32.6636
32.3439
32.0124
31.6699
31.3169
30.954
30.5817
30.2008
29.8118
29.4153
29.0119
28.602
28.1864
27.7656
27.34
26.9104
26.4771
26.0407
80.2207
41.431
27.1647
20.0834
16.0764
13.6665
12.1919
11.3116
10.8319
10.6345
10.643
10.8057
11.0864
11.4589
11.9036
12.4058
12.954
13.5389
14.1534
14.7912
15.4476
16.1181
16.7992
17.4879
18.1812
18.8769
19.5728
20.2668
20.9572
21.6424
22.3208
22.9909
23.6515
24.3014
24.9393
25.5641
26.1748
26.7704
27.35
27.9126
28.4575
28.9839
29.491
29.9782
30.4448
30.8902
31.314
31.7156
32.0946
32.4507
32.7836
33.0928
33.3783
33.6399
33.8774
34.0908
34.2801
34.4453
34.5865
34.7038
34.7975
34.8676
34.9146
34.9386
34.9402
34.9195
34.8772
34.8136
34.7292
34.6245
34.5001
34.3565
34.1943
34.0142
33.8167
33.6025
33.3721
33.1264
32.8658
32.5911
32.3028
32.0018
31.6886
31.3638
31.0281
30.6822
30.3267
29.9621
29.5892
29.2085
28.8206
28.4262
28.0257
27.6198
27.209
26.7939
26.375
25.9529
25.528
25.1009
24.6721
77.3988
39.6541
25.9489
19.2046
15.4226
13.1741
11.8214
11.0366
10.6338
10.4995
10.5606
10.7677
11.086
11.4905
11.9626
12.4881
13.056
13.6577
14.286
14.9353
15.6007
16.2783
16.9645
17.6563
18.3511
19.0467
19.7408
20.4316
21.1173
21.7964
22.4674
23.1288
23.7794
24.4179
25.0433
25.6543
26.2501
26.8295
27.3918
27.936
28.4613
28.967
29.4524
29.9168
30.3596
30.7802
31.1783
31.5532
31.9047
32.2324
32.536
32.8153
33.0702
33.3004
33.506
33.6869
33.8433
33.9751
34.0826
34.1659
34.2253
34.2611
34.2737
34.2634
34.2306
34.1759
34.0997
34.0026
33.8851
33.7479
33.5915
33.4166
33.2238
33.0139
32.7875
32.5453
32.2881
32.0165
31.7313
31.4331
31.1227
30.8007
30.468
30.125
29.7726
29.4114
29.042
28.6651
28.2814
27.8913
27.4956
27.0949
26.6896
26.2804
25.8678
25.4524
25.0346
24.615
24.1941
23.7723
23.3501
75.6556
38.4343
25.1151
18.6172
15.0039
12.8785
11.6199
10.9097
10.5675
10.4833
10.5865
10.8292
11.1779
11.6084
12.1027
12.6472
13.2313
13.8465
14.4861
15.1446
15.8173
16.5002
17.1902
17.8842
18.5798
19.2745
19.9665
20.6538
21.3348
22.0079
22.6715
23.3244
23.9653
24.5929
25.2061
25.8039
26.3852
26.9491
27.4947
28.0211
28.5275
29.0132
29.4775
29.9197
30.3393
30.7358
31.1087
31.4575
31.7819
32.0817
32.3565
32.6062
32.8307
33.0299
33.2038
33.3525
33.476
33.5745
33.6482
33.6975
33.7226
33.7239
33.7018
33.6569
33.5895
33.5003
33.3898
33.2587
33.1076
32.9372
32.7482
32.5413
32.3173
32.0769
31.8209
31.5501
31.2652
30.967
30.6563
30.3338
30.0004
29.6567
29.3036
28.9416
28.5716
28.1943
27.8103
27.4202
27.0248
26.6246
26.2203
25.8124
25.4015
24.9882
24.573
24.1564
23.739
23.3211
22.9034
22.4862
22.0699
74.6442
37.7391
24.6562
18.3163
14.8158
12.7754
11.5835
10.9272
10.6294
10.5826
10.7175
10.9873
11.3593
11.8098
12.3214
12.8806
13.4772
14.1029
14.7512
15.4166
16.0947
16.7816
17.4741
18.1693
18.8648
19.5582
20.2477
20.9313
21.6074
22.2744
22.9309
23.5755
24.2069
24.824
25.4256
26.0106
26.5781
27.127
27.6565
28.1657
28.6538
29.1201
29.5639
29.9846
30.3816
30.7545
31.1027
31.4259
31.7237
31.996
32.2424
32.4628
32.6572
32.8256
32.9679
33.0843
33.175
33.2402
33.2802
33.2952
33.2858
33.2523
33.1953
33.1153
33.0129
32.8887
32.7434
32.5777
32.3924
32.1882
31.9659
31.7263
31.4703
31.1986
30.9122
30.6118
30.2984
29.9727
29.6357
29.2881
28.9308
28.5645
28.1901
27.8084
27.42
27.0256
26.6261
26.2221
25.8142
25.403
24.9892
24.5735
24.1562
23.738
23.3195
22.9011
22.4832
22.0665
21.6512
21.2379
20.8269
74.9164
37.6126
24.5727
18.2981
14.8543
12.861
11.7085
11.0855
10.8163
10.7943
10.9506
11.2391
11.6274
12.0921
12.6159
13.1856
13.7912
14.4244
15.0788
15.7491
16.4308
17.1201
17.814
18.5094
19.204
19.8956
20.5821
21.2618
21.9329
22.594
23.2434
23.88
24.5024
25.1093
25.6997
26.2725
26.8266
27.3611
27.8751
28.3677
28.8381
29.2856
29.7096
30.1093
30.4843
30.8341
31.1581
31.4561
31.7278
31.9729
32.1912
32.3826
32.5471
32.6848
32.7957
32.8799
32.9377
32.9695
32.9754
32.9561
32.9118
32.8432
32.7508
32.6353
32.4973
32.3375
32.1568
31.9559
31.7356
31.4968
31.2404
30.9673
30.6784
30.3746
30.0568
29.7261
29.3832
29.0292
28.6649
28.2913
27.9091
27.5194
27.1229
26.7203
26.3126
25.9005
25.4846
25.0658
24.6446
24.2217
23.7978
23.3733
22.949
22.5253
22.1027
21.6817
21.2628
20.8465
20.4331
20.0231
19.6167
76.0422
38.0177
24.8579
18.5582
15.1152
13.1313
11.9912
11.3813
11.1251
11.1153
11.283
11.5818
11.9795
12.4525
12.9837
13.5598
14.1708
14.8086
15.4666
16.1396
16.8232
17.5135
18.2075
18.9023
19.5954
20.2846
20.9679
21.6434
22.3095
22.9647
23.6073
24.2361
24.8497
25.447
26.0267
26.5877
27.1291
27.6497
28.1488
28.6254
29.0788
29.5081
29.9128
30.2921
30.6456
30.9728
31.2731
31.5464
31.7922
32.0105
32.2009
32.3636
32.4984
32.6054
32.6848
32.7368
32.7617
32.7598
32.7315
32.6774
32.5979
32.4937
32.3655
32.2138
32.0396
31.8437
31.6267
31.3898
31.1338
30.8595
30.5682
30.2606
29.9378
29.6009
29.2509
28.8887
28.5154
28.1321
27.7395
27.3389
26.931
26.5168
26.0972
25.673
25.2451
24.8143
24.3813
23.9468
23.5115
23.0761
22.6412
22.2075
21.7753
21.3454
20.9181
20.494
20.0734
19.657
19.2449
18.8376
18.4354
78.2058
38.9679
25.5096
19.0929
15.5948
13.5828
12.4283
11.8114
11.5525
11.5426
11.7117
12.0127
12.4129
12.8886
13.4223
14.0008
14.6138
15.2531
15.9123
16.586
17.2697
17.9597
18.6527
19.3459
20.0368
20.7231
21.4029
22.0742
22.7353
23.3846
24.0207
24.642
25.2473
25.8353
26.4048
26.9546
27.4838
27.9913
28.476
28.9373
29.3742
29.786
30.1719
30.5314
30.864
31.169
31.4461
31.695
31.9154
32.1071
32.27
32.4039
32.5091
32.5856
32.6335
32.6531
32.6449
32.6091
32.5463
32.457
32.3418
32.2015
32.0368
31.8484
31.6372
31.4042
31.1503
30.8765
30.5837
30.2731
29.9458
29.6027
29.2451
28.8741
28.4906
28.096
27.6912
27.2774
26.8556
26.4268
25.9922
25.5525
25.1089
24.6621
24.2131
23.7627
23.3116
22.8607
22.4106
21.9619
21.5154
21.0716
20.631
20.1941
19.7616
19.3337
18.911
18.4939
18.0826
17.6776
17.2792
81.6442
40.478
26.5258
19.8986
16.2894
14.212
13.0163
12.3726
12.0957
12.0734
12.234
12.5291
12.9251
13.3978
13.9293
14.5061
15.1176
15.7557
16.4137
17.086
17.7682
18.4565
19.1475
19.8383
20.5264
21.2094
21.8854
22.5524
23.2085
23.8522
24.4819
25.0962
25.6935
26.2728
26.8326
27.3719
27.8894
28.3843
28.8554
29.302
29.723
30.1179
30.4857
30.826
31.138
31.4215
31.6758
31.9007
32.096
32.2614
32.3968
32.5023
32.5779
32.6237
32.64
32.6272
32.5855
32.5155
32.4177
32.2928
32.1414
31.9644
31.7625
31.5366
31.2877
31.0168
30.725
30.4132
30.0828
29.7347
29.3703
28.9907
28.597
28.1907
27.7727
27.3444
26.907
26.4616
26.0093
25.5514
25.0888
24.6227
24.1539
23.6836
23.2125
22.7416
22.2717
21.8035
21.3377
20.875
20.4161
19.9616
19.5119
19.0676
18.6292
18.1971
17.7717
17.3535
16.9426
16.5395
16.1444
85.8802
42.5124
27.9008
20.9715
17.1954
15.0155
13.7522
13.0619
12.7516
12.7049
12.8472
13.1283
13.5134
13.9776
14.5022
15.0733
15.6801
16.3141
16.9685
17.6375
18.3167
19.0019
19.6898
20.3775
21.0622
21.7417
22.4137
23.0762
23.7275
24.3658
24.9895
25.597
26.187
26.758
27.3088
27.8381
28.3447
28.8277
29.2858
29.7183
30.1242
30.5027
30.8531
31.1747
31.4668
31.7291
31.9611
32.1624
32.3328
32.4722
32.5804
32.6574
32.7035
32.7186
32.7032
32.6576
32.5822
32.4776
32.3444
32.1833
31.9951
31.7806
31.5407
31.2765
30.989
30.6792
30.3484
29.9977
29.6284
29.2417
28.839
28.4215
27.9906
27.5477
27.0939
26.6308
26.1594
25.6812
25.1973
24.7089
24.2173
23.7235
23.2286
22.7337
22.2396
21.7472
21.2575
20.7711
20.2889
19.8115
19.3396
18.8737
18.4143
17.962
17.5172
17.0804
16.6519
16.2321
15.8212
15.4197
15.0277
91.5212
45.1119
29.6346
22.3085
18.3096
15.99
14.6328
13.8762
13.5175
13.4344
13.5487
13.8078
14.1755
14.6255
15.1386
15.7002
16.299
16.9261
17.5746
18.2384
18.9129
19.5939
20.2778
20.9616
21.6425
22.3181
22.986
23.6442
24.2908
24.924
25.542
26.1434
26.7264
27.2898
27.8322
28.3522
28.8486
29.3204
29.7663
30.1855
30.5769
30.9397
31.2732
31.5767
31.8495
32.0912
32.3012
32.4793
32.6252
32.7387
32.8198
32.8686
32.885
32.8694
32.8221
32.7434
32.634
32.4943
32.3252
32.1273
31.9014
31.6487
31.37
31.0665
30.7392
30.3895
30.0185
29.6277
29.2183
28.7917
28.3494
27.8928
27.4233
26.9424
26.4515
25.952
25.4454
24.933
24.4161
23.8961
23.3742
22.8516
22.3294
21.8087
21.2905
20.7757
20.2653
19.76
19.2605
18.7677
18.282
17.804
17.3344
16.8736
16.4219
15.9799
15.5479
15.1262
14.7151
14.3149
13.9257
98.1856
48.2492
31.7228
23.9062
19.6287
17.1324
15.6551
14.8128
14.3906
14.2591
14.3357
14.5651
14.9087
15.3392
15.8361
16.3843
16.9718
17.5894
18.2297
18.8866
19.555
20.2305
20.9096
21.5889
22.2655
22.9369
23.6007
24.2547
24.8969
25.5253
26.1382
26.7338
27.3107
27.8671
28.4018
28.9132
29.4002
29.8615
30.296
30.7026
31.0803
31.4282
31.7456
32.0316
32.2856
32.5071
32.6957
32.8509
32.9726
33.0605
33.1147
33.1351
33.1219
33.0754
32.9959
32.8839
32.74
32.5648
32.359
32.1236
31.8594
31.5675
31.249
30.9051
30.537
30.1462
29.7338
29.3015
28.8506
28.3828
27.8994
27.4021
26.8925
26.3722
25.8426
25.3053
24.762
24.2139
23.6627
23.1097
22.5562
22.0035
21.4527
20.9052
20.3618
19.8236
19.2915
18.7664
18.2489
17.7398
17.2396
16.7491
16.2687
15.7988
15.3398
14.8922
14.4564
14.0325
13.6208
13.2217
12.8352
105.927
51.9278
34.1629
25.7615
21.1494
18.4396
16.8162
15.8686
15.368
15.1764
15.2058
15.3975
15.7106
16.1161
16.5923
17.1233
17.6964
18.3018
18.9318
19.5799
20.2408
20.9098
21.5832
22.2574
22.9295
23.5967
24.2564
24.9064
25.5444
26.1685
26.7768
27.3674
27.9387
28.489
29.0167
29.5205
29.9988
30.4506
30.8744
31.2693
31.634
31.9678
32.2697
32.5389
32.7747
32.9767
33.1442
33.277
33.3747
33.4373
33.4646
33.4567
33.4139
33.3363
33.2244
33.0786
32.8997
32.6883
32.4453
32.1715
31.8681
31.5361
31.1767
30.7913
30.3812
29.9479
29.4928
29.0175
28.5237
28.013
27.487
26.9475
26.3961
25.8347
25.2648
24.6882
24.1065
23.5213
22.9342
22.3466
21.7601
21.1759
20.5954
20.0197
19.45
18.8874
18.3326
17.7867
17.2504
16.7243
16.2091
15.7053
15.2135
14.7341
14.2675
13.8139
13.3739
12.9476
12.5352
12.137
11.7531
115.149
56.1704
36.954
27.8715
22.8688
19.9087
18.113
17.041
16.447
16.1834
16.1562
16.3024
16.5786
16.9536
17.4048
17.9147
18.4703
19.061
19.6786
20.3162
20.9682
21.6298
22.2968
22.9655
23.6328
24.2957
24.9515
25.5977
26.2321
26.8525
27.4568
28.0431
28.6096
29.1545
29.6762
30.1732
30.6439
31.087
31.5011
31.8851
32.2378
32.5582
32.8454
33.0985
33.3168
33.4998
33.6468
33.7575
33.8317
33.869
33.8696
33.8335
33.7609
33.652
33.5073
33.3275
33.113
32.8648
32.5837
32.2708
31.9271
31.5539
31.1525
30.7243
30.2708
29.7936
29.2942
28.7745
28.2361
27.6808
27.1105
26.527
25.9321
25.3278
24.7159
24.0981
23.4763
22.8523
22.2276
21.6039
20.9828
20.3657
19.754
19.149
18.5518
17.9635
17.3851
16.8175
16.2615
15.7177
15.1867
14.6692
14.1655
13.6761
13.2014
12.7417
12.2972
11.8682
11.455
11.0576
10.6763
125.256
60.9409
40.0914
30.2332
24.7838
21.5366
19.5428
18.327
17.6249
17.2776
17.1842
17.2772
17.51
17.8494
18.2709
18.7562
19.2912
19.8647
20.4678
21.0934
21.7353
22.3885
23.0485
23.7114
24.3737
25.0324
25.6845
26.3275
26.9587
27.576
28.1771
28.76
29.3226
29.8631
30.3798
30.871
31.335
31.7705
32.1759
32.55
32.8916
33.1995
33.4728
33.7106
33.9121
34.0767
34.2037
34.2928
34.3437
34.3561
34.3301
34.2657
34.1632
34.0228
33.8451
33.6306
33.38
33.0943
32.7743
32.4213
32.0363
31.6207
31.176
30.7036
30.2052
29.6825
29.1372
28.5713
27.9865
27.3849
26.7683
26.139
25.4987
24.8496
24.1937
23.5329
22.8691
22.2043
21.5403
20.8788
20.2215
19.5699
18.9256
18.2898
17.6638
17.0487
16.4456
15.8554
15.2787
14.7164
14.1691
13.6372
13.1211
12.6214
12.1383
11.672
11.2229
10.7912
10.377
9.98043
9.60169
136.873
66.2749
43.5749
32.8438
26.8916
23.3205
21.1026
19.7239
18.8988
18.4561
18.2871
18.3191
18.5022
18.8007
19.1883
19.6453
20.1566
20.7105
21.2973
21.9093
22.54
23.184
23.8364
24.4932
25.1507
25.8053
26.4542
27.0943
27.7232
28.3381
28.9369
29.5173
30.0771
30.6143
31.1271
31.6136
32.0721
32.501
32.8987
33.264
33.5955
33.8919
34.1523
34.3756
34.561
34.7078
34.8155
34.8834
34.9114
34.8991
34.8467
34.754
34.6215
34.4493
34.2381
33.9884
33.7011
33.3771
33.0174
32.6231
32.1957
31.7365
31.247
30.729
30.1841
29.6142
29.0212
28.4072
27.7741
27.1241
26.4593
25.7819
25.0942
24.3982
23.6962
22.9902
22.2825
21.575
20.8697
20.1685
19.4732
18.7854
18.1068
17.4388
16.7826
16.1395
15.5106
14.8967
14.2986
13.7171
13.1526
12.6058
12.077
11.5665
11.0746
10.6017
10.1478
9.71317
9.29799
8.90235
8.52633
149.717
72.1556
47.4016
35.7006
29.1892
25.2574
22.7896
21.2287
20.2659
19.7162
19.4621
19.4255
19.5526
19.8048
20.1541
20.5793
21.0641
21.596
22.1646
22.7616
23.3801
24.0142
24.6588
25.3094
25.962
26.6131
27.2591
27.8972
28.5244
29.138
29.7354
30.3144
30.8725
31.4076
31.9177
32.4007
32.8549
33.2785
33.6699
34.0275
34.35
34.636
34.8844
35.0941
35.2643
35.3941
35.4829
35.5302
35.5357
35.499
35.4202
35.2993
35.1366
34.9324
34.6873
34.4019
34.0772
33.714
33.3135
32.8769
32.4058
31.9015
31.3658
30.8004
30.2073
29.5884
28.9457
28.2816
27.5981
26.8975
26.1823
25.4547
24.7171
23.972
23.2215
22.4682
21.7142
20.9619
20.2132
19.4702
18.735
18.0092
17.2946
16.5927
15.9049
15.2325
14.5765
13.9379
13.3175
12.7159
12.1338
11.5715
11.0294
10.5078
10.007
9.52717
9.06842
8.63094
8.21483
7.82019
7.44705
163.674
78.5775
51.5689
38.8009
31.6737
27.3445
24.6008
22.8386
21.7233
21.0548
20.7063
20.5935
20.6581
20.859
21.1657
21.5555
22.0111
22.5187
23.0673
23.6481
24.2535
24.8772
25.5137
26.1582
26.8063
27.4541
28.0981
28.7348
29.3613
29.9746
30.572
31.1507
31.7085
32.2428
32.7515
33.2325
33.6838
34.1035
34.4897
34.841
35.1557
35.4324
35.6699
35.8671
36.0229
36.1365
36.2072
36.2344
36.2178
36.157
36.052
35.9029
35.7099
35.4734
35.1939
34.8723
34.5093
34.106
33.6637
33.1836
32.6673
32.1165
31.5329
30.9184
30.2751
29.6051
28.9107
28.1942
27.458
26.7045
25.9364
25.1561
24.3662
23.5694
22.7681
21.9649
21.1623
20.3626
19.5682
18.7813
18.004
17.2382
16.4858
15.7483
15.0274
14.3242
13.6399
12.9755
12.3317
11.7094
11.1088
10.5305
9.9748
9.44187
8.9319
8.44505
7.98141
7.54108
7.12416
6.73071
6.36075
179.325
85.5686
56.0764
42.142
34.3424
29.5788
26.5333
24.5505
23.2679
22.4691
22.0167
21.8199
21.816
21.9603
22.2202
22.5713
22.9948
23.4761
24.0032
24.5665
25.158
25.7709
26.3992
27.0377
27.6817
28.327
28.9697
29.6062
30.2332
30.8474
31.4459
32.0259
32.5848
33.1198
33.6288
34.1092
34.5591
34.9763
35.359
35.7053
36.0135
36.2823
36.5101
36.6958
36.8382
36.9365
36.9898
36.9976
36.9593
36.8748
36.7438
36.5665
36.343
36.0738
35.7596
35.4009
34.9989
34.5546
34.0692
33.5443
32.9815
32.3824
31.7491
31.0836
30.3881
29.6649
28.9163
28.1451
27.3536
26.5447
25.721
24.8853
24.0404
23.1891
22.3342
21.4785
20.6245
19.7749
18.9323
18.099
17.2774
16.4694
15.6771
14.9022
14.1463
13.4109
12.6969
12.0056
11.3375
10.6935
10.0739
9.47914
8.90939
8.36484
7.84558
7.35167
6.88317
6.44013
6.02259
5.63059
5.26415
195.976
93.0951
60.9203
45.7212
37.1923
31.9573
28.584
26.3614
24.8967
23.9557
23.3901
23.1017
23.0229
23.1056
23.3146
23.6237
24.0125
24.4654
24.9694
25.5144
26.0915
26.6933
27.3135
27.9464
28.587
29.2306
29.873
30.5104
31.1391
31.7557
32.3569
32.9398
33.5013
34.0388
34.5496
35.0312
35.4814
35.8978
36.2785
36.6214
36.9247
37.1869
37.4063
37.5818
37.7119
37.7959
37.8326
37.8216
37.7623
37.6543
37.4975
37.292
37.038
36.7358
36.3862
35.9899
35.548
35.0615
34.5319
33.9608
33.3497
32.7007
32.0158
31.2971
30.5471
29.7682
28.9631
28.1344
27.285
26.4177
25.5356
24.6416
23.7387
22.83
21.9185
21.0072
20.0989
19.1966
18.303
17.4207
16.5521
15.6996
14.8652
14.0509
13.2582
12.4888
11.7438
11.0242
10.3309
9.66433
9.02506
8.4133
7.8292
7.27283
6.74419
6.24325
5.77001
5.32444
4.90656
4.51638
4.15389
214.228
101.186
66.1001
49.5359
40.2203
34.4769
30.7497
28.2679
26.6063
25.5114
24.8232
24.4356
24.2757
24.2917
24.4457
24.7095
25.0612
25.4838
25.9635
26.4892
27.0514
27.6422
28.2546
28.8824
29.5203
30.1633
30.8067
31.4463
32.0783
32.6989
33.3046
33.892
34.4581
34.9999
35.5145
35.9992
36.4515
36.869
37.2494
37.5906
37.8907
38.1479
38.3604
38.5269
38.6461
38.7167
38.7379
38.7088
38.629
38.498
38.3157
38.0821
37.7973
37.4619
37.0764
36.6417
36.1589
35.6292
35.054
34.435
33.774
33.0731
32.3344
31.5603
30.7534
29.9163
29.0518
28.1628
27.2524
26.3238
25.38
24.4244
23.4603
22.4909
21.5195
20.5494
19.5837
18.6255
17.6779
16.7436
15.8253
14.9256
14.0466
13.1906
12.3592
11.554
10.7763
10.0272
9.30746
8.61758
7.95795
7.32875
6.73001
6.16168
5.62365
5.11579
4.63801
4.1902
3.77235
3.38444
3.02647
233.943
109.833
71.6135
53.5834
43.4236
37.1343
33.0271
30.2667
28.3931
27.1326
26.3122
25.8178
25.5707
25.515
25.6102
25.8256
26.1378
26.5284
26.9827
27.4884
28.0356
28.6154
29.2204
29.8441
30.4804
31.1239
31.7697
32.4132
33.0502
33.6767
34.2887
34.8828
35.4555
36.0037
36.5242
37.014
37.4706
37.8911
38.2733
38.6148
38.9134
39.1673
39.3745
39.5336
39.643
39.7016
39.7082
39.662
39.5624
39.4089
39.2013
38.9396
38.624
38.2549
37.833
37.3592
36.8345
36.2603
35.638
34.9695
34.2568
33.5018
32.7071
31.8751
31.0086
30.1104
29.1835
28.2311
27.2566
26.2631
25.2543
24.2336
23.2046
22.1709
21.136
20.1035
19.0768
18.0593
17.0542
16.0647
15.0937
14.1439
13.2178
12.3175
11.4451
10.6022
9.79022
9.01015
8.26279
7.54866
6.86801
6.22092
5.6073
5.02694
4.47961
3.96503
3.483
3.03336
2.616
2.23092
1.87811
254.815
119.026
77.4579
57.8607
46.7989
39.9262
35.4125
32.3539
30.2534
28.8154
27.8535
27.2447
26.9042
26.772
26.8044
26.9685
27.239
27.5962
28.024
28.5094
29.0414
29.6107
30.2092
30.8296
31.4655
32.1111
32.761
33.4103
34.0543
34.6887
35.3093
35.9123
36.494
37.0508
37.5795
38.0769
38.5399
38.9659
39.352
39.6958
39.995
40.2475
40.4513
40.6046
40.7058
40.7536
40.7468
40.6844
40.5658
40.3904
40.1579
39.8682
39.5217
39.1186
38.6597
38.1458
37.5782
36.9581
36.2873
35.5675
34.8009
33.9897
33.1364
32.2438
31.3148
30.3524
29.3599
28.3407
27.2983
26.2364
25.1587
24.0691
22.9713
21.8693
20.7669
19.668
18.5764
17.4957
16.4296
15.3813
14.3541
13.351
12.3747
11.4275
10.5117
9.62891
8.7807
7.96811
7.19192
6.45258
5.75025
5.08487
4.45618
3.86382
3.30735
2.78637
2.30052
1.84954
1.43329
1.05172
0.704867
277.592
128.793
83.6327
62.3652
50.3428
42.849
37.9022
34.5258
32.1831
30.5557
29.4429
28.712
28.2721
28.0586
28.0246
28.1345
28.3614
28.6837
29.0843
29.5492
30.0664
30.6258
31.2186
31.8371
32.4742
33.1237
33.7797
34.4368
35.0901
35.7348
36.3664
36.9809
37.574
38.1422
38.6817
39.1892
39.6613
40.0951
40.4876
40.8362
41.1382
41.3915
41.5937
41.7431
41.8378
41.8763
41.8574
41.7799
41.6432
41.4464
41.1894
40.872
40.4944
40.057
39.5605
39.0057
38.394
37.7267
37.0056
36.2325
35.4098
34.5399
33.6254
32.6692
31.6745
30.6446
29.5829
28.4931
27.379
26.2446
25.0939
23.931
22.7601
21.5854
20.4111
19.2415
18.0807
16.9326
15.8012
14.6902
13.6031
12.5431
11.5132
10.5161
9.55411
8.6291
7.74262
6.89583
6.08946
5.32391
4.59923
3.91518
3.27132
2.66706
2.10176
1.57482
1.0857
0.634042
0.219625
-0.157604
-0.497581
301.524
139.105
90.1344
67.0935
54.0518
45.8986
40.4921
36.7779
34.1779
32.3491
31.0757
30.2152
29.67
29.3706
29.2665
29.3198
29.5011
29.7876
30.1606
30.6049
31.1078
31.6583
32.2468
32.8649
33.5051
34.1605
34.8248
35.4922
36.1573
36.815
37.4605
38.0891
38.6967
39.279
39.8323
40.3527
40.8368
41.2812
41.6829
42.0388
42.3462
42.6025
42.8055
42.9529
43.043
43.0739
43.0444
42.9531
42.7992
42.5819
42.3009
41.9559
41.5472
41.0751
40.5403
39.9437
39.2867
38.5706
37.7973
36.9689
36.0878
35.1564
34.1777
33.1548
32.091
30.9898
29.8549
28.6904
27.5004
26.289
25.0606
23.8198
22.5709
21.3188
20.0678
18.8227
17.5878
16.3676
15.1664
13.9882
12.8369
11.716
10.629
9.57854
8.56731
7.59735
6.67034
5.78746
4.94945
4.15663
3.40891
2.70585
2.04679
1.43087
0.857186
0.324883
-0.166768
-0.618292
-1.02998
-1.40189
-1.73392
327.132
149.984
96.9615
72.0424
57.922
49.0711
43.1776
39.1055
36.2328
34.1906
32.7471
31.7496
31.0931
30.7032
30.5258
30.52
30.6543
30.9041
31.2493
31.6736
32.163
32.7057
33.2914
33.9111
34.5565
35.2202
35.8955
36.576
37.2558
37.9295
38.5918
39.2379
39.8631
40.4629
41.0331
41.5697
42.0689
42.5271
42.9408
43.307
43.6225
43.8846
44.0908
44.2387
44.3262
44.3514
44.3129
44.2091
44.0392
43.8023
43.4978
43.1256
42.6857
42.1786
41.6048
40.9655
40.2617
39.4953
38.6679
37.7819
36.8396
35.8439
34.7978
33.7046
32.5679
31.3913
30.1791
28.9354
27.6646
26.3713
25.0602
23.7362
22.4042
21.0692
19.7361
18.41
17.0958
15.7983
14.5221
13.2718
12.0516
10.8655
9.71701
8.60945
7.54557
6.52768
5.55758
4.63653
3.76527
2.94403
2.17256
1.45021
0.77601
0.148802
-0.432649
-0.969512
-1.46277
-1.91315
-2.32101
-2.68644
-3.00922
354.473
161.43
104.112
77.2084
61.9492
52.3615
45.9537
41.5035
38.3424
36.0747
34.4517
33.3096
32.5361
32.0516
31.7977
31.7307
31.8168
32.0294
32.347
32.7518
33.2289
33.7655
34.3504
34.9739
35.6271
36.3019
36.991
37.6877
38.3855
39.0786
39.7613
40.4284
41.0747
41.6956
42.2863
42.8427
43.3605
43.8359
44.2652
44.6449
44.9716
45.2425
45.4546
45.6055
45.6928
45.7145
45.6688
45.5542
45.3696
45.1139
44.7867
44.3876
43.9166
43.3741
42.7607
42.0775
41.3257
40.5071
39.6235
38.6773
37.6712
36.608
35.4909
34.3236
33.1097
31.8534
30.559
29.2311
27.8743
26.4937
25.0944
23.6815
22.2604
20.8366
19.4155
18.0024
16.6029
15.2222
13.8653
12.5374
11.243
9.98652
8.77201
7.60301
6.48263
5.41342
4.39734
3.43578
2.52947
1.67856
0.882611
0.140716
-0.548432
-1.18638
-1.77478
-2.31517
-2.80888
-3.25685
-3.65958
-4.01714
-4.32923
383.028
173.425
111.582
82.5874
66.1288
55.7649
48.815
43.966
40.5008
37.9954
36.1833
34.8895
33.9935
33.4101
33.0769
32.9469
32.9839
33.1593
33.4497
33.8362
34.3025
34.835
35.4215
36.0514
36.7153
37.4043
38.1107
38.8271
39.5466
40.2629
40.9699
41.6619
42.3335
42.9794
43.5947
44.1749
44.7153
45.2118
45.6603
46.0571
46.3986
46.6815
46.9027
47.0595
47.1493
47.1698
47.1191
46.9955
46.7976
46.5245
46.1753
45.7497
45.2477
44.6695
44.0158
43.2876
42.4862
41.6135
40.6714
39.6624
38.5892
37.4549
36.2631
35.0173
33.7218
32.3809
30.9991
29.5814
28.133
26.659
25.1652
23.657
22.1404
20.6212
19.1053
17.5986
16.1072
14.6367
13.1927
11.7809
10.4063
9.07389
7.78802
6.55272
5.37144
4.24705
3.18174
2.177
1.23362
0.351641
-0.46955
-1.23118
-1.93496
-2.58291
-3.17717
-3.71978
-4.21247
-4.65649
-5.05249
-5.40054
-5.70019
413.698
186
119.369
88.175
70.4554
59.2753
51.7551
46.4866
42.7014
39.9459
37.9355
36.4826
35.4588
34.7728
34.3578
34.1635
34.1509
34.2892
34.5535
34.9231
35.3807
35.9114
36.5023
37.1418
37.8196
38.5266
39.254
39.9941
40.7395
41.4833
42.2189
42.9403
43.6415
44.317
44.9615
45.5699
46.1373
46.6592
47.1312
47.5492
47.9094
48.208
48.4419
48.6078
48.7031
48.7251
48.6718
48.5413
48.3319
48.0426
47.6724
47.2209
46.6879
46.0737
45.379
44.6047
43.7521
42.8232
41.8201
40.7452
39.6016
38.3925
37.1216
35.7928
34.4106
32.9795
31.5046
29.9911
28.4445
26.8706
25.2753
23.6648
22.0453
20.4233
18.8052
17.1975
15.6067
14.039
12.5008
10.9981
9.53656
8.12169
6.75844
5.45128
4.2041
3.02012
1.90181
0.850856
-0.131913
-1.04651
-1.89378
-2.6753
-3.39324
-4.0502
-4.64893
-5.19209
-5.68194
-6.12011
-6.50747
-6.84406
-7.12923
445.719
199.129
127.47
93.9663
74.9231
62.8863
54.7671
49.0577
44.9365
41.9188
39.7006
38.0818
36.9252
36.1332
35.6343
35.3746
35.3123
35.4144
35.6539
36.0087
36.46
36.9919
37.5903
38.243
38.9388
39.6677
40.4205
41.1889
41.9648
42.7408
43.51
44.2658
45.0017
45.7119
46.3905
47.0321
47.6315
48.1837
48.6839
49.1278
49.511
49.8296
50.08
50.2589
50.363
50.3897
50.3365
50.2013
49.9824
49.6785
49.2884
48.8117
48.248
47.5976
46.861
46.0393
45.1338
44.1465
43.0795
41.9356
40.7178
39.4296
38.0749
36.658
35.1834
33.6562
32.0817
30.4656
28.8138
27.1325
25.4281
23.7073
21.9769
20.2438
18.5152
16.798
15.0994
13.4263
11.7856
10.184
8.62792
7.12333
5.67582
4.29045
2.97161
1.72296
0.547331
-0.553363
-1.57818
-2.5272
-3.40148
-4.20297
-4.93443
-5.59912
-6.20056
-6.74217
-7.2269
-7.65688
-8.03326
-8.35608
-8.62445
479.479
212.824
135.881
99.9553
79.5252
66.5902
57.8429
51.6711
47.1977
43.9055
41.4704
39.679
38.3849
37.4839
36.8996
36.574
36.4626
36.5296
36.7463
37.0888
37.5369
38.0733
38.6832
39.3531
40.0712
40.8267
41.6099
42.4116
43.2233
44.037
44.8453
45.641
46.4174
47.1679
47.8863
48.5668
49.2038
49.7917
50.3255
50.8004
51.2116
51.555
51.8265
52.0224
52.1392
52.1741
52.1241
51.9871
51.761
51.4442
51.0356
50.5344
49.9403
49.2534
48.4743
47.6039
46.6436
45.5954
44.4616
43.245
41.9489
40.5769
39.1332
37.6224
36.0492
34.4192
32.738
31.0117
29.2467
27.4497
25.6275
23.7876
21.9371
20.0837
18.2351
16.399
14.5832
12.7953
11.0429
9.33348
7.67405
6.07138
4.53176
3.06086
1.66372
0.344515
-0.893475
-2.04802
-3.11802
-4.10355
-5.00588
-5.82742
-6.57155
-7.24234
-7.84427
-8.3817
-8.85846
-9.27738
-9.63995
-9.94622
-10.1949
515.276
227.092
144.597
106.136
84.2538
70.3785
60.9732
54.3172
49.4753
45.8965
43.2356
41.2654
39.8296
38.8172
38.1463
37.7551
37.5955
37.6294
37.8258
38.159
38.6074
39.1525
39.7781
40.47
41.2155
42.003
42.822
43.6628
44.5162
45.3737
46.2273
47.0693
47.8924
48.6897
49.4544
50.1802
50.861
51.4909
52.0644
52.5761
53.0211
53.3946
53.6922
53.9099
54.044
54.091
54.0478
53.912
53.6813
53.3538
52.9283
52.4037
51.7796
51.0561
50.2335
49.313
48.2958
47.1841
45.9801
44.6869
43.3079
41.847
40.3085
38.6973
37.0187
35.2783
33.4824
31.6375
29.7503
27.8282
25.8787
23.9095
21.9288
19.9446
17.9655
15.9998
14.056
12.1427
10.2681
8.44048
6.66774
4.95744
3.31663
1.75178
0.268623
-1.12799
-2.43425
-3.64749
-4.76636
-5.79089
-6.72254
-7.56418
-8.3199
-8.99478
-9.5944
-10.1244
-10.5896
-10.9939
-11.3392
-11.6256
-11.8514
552.364
241.91
153.611
112.499
89.0997
74.2408
64.1473
56.985
51.7582
47.8809
44.9857
42.8309
41.2499
40.1242
39.3664
38.9102
38.7043
38.7075
38.8868
39.2145
39.6675
40.2259
40.8723
41.5917
42.3703
43.1958
44.0569
44.9433
45.8451
46.7534
47.6593
48.5547
49.4318
50.2831
51.1013
51.8797
52.6114
53.2904
53.9103
54.4656
54.9508
55.3606
55.6902
55.9353
56.0915
56.1552
56.1231
55.9921
55.7598
55.4241
54.9835
54.4367
53.7832
53.0229
52.1562
51.1839
50.1077
48.9294
47.6516
46.2774
44.8104
43.2546
41.6148
39.8962
38.1043
36.2452
34.3256
32.3524
30.3331
28.2755
26.1876
24.078
21.9553
19.8286
17.7068
15.5994
13.5156
11.4646
9.45584
7.49829
5.60081
3.77185
2.0194
0.350803
-1.22735
-2.70943
-4.09092
-5.36861
-6.54077
-7.60731
-8.56982
-9.43164
-10.1977
-10.8741
-11.468
-11.9863
-12.4357
-12.8208
-13.1446
-13.4071
-13.606
591.768
257.304
162.918
119.037
94.0521
78.1655
67.3526
59.6616
54.0337
49.8462
46.7089
44.3643
42.6352
41.3952
40.5509
40.0314
39.7815
39.7574
39.9235
40.2502
40.7127
41.2898
41.963
42.7159
43.5341
44.4045
45.3149
46.2542
47.2121
48.1788
49.1451
50.102
51.0413
51.9549
52.8349
53.674
54.465
55.2009
55.8753
56.4818
57.0145
57.4676
57.836
58.1146
58.2989
58.3847
58.3683
58.2463
58.016
57.675
57.2214
56.654
55.9718
55.1746
54.2629
53.2373
52.0995
50.8514
49.4957
48.0356
46.4748
44.8178
43.0694
41.2352
39.3211
37.3338
35.2803
33.1682
31.0053
28.8002
26.5616
24.2988
22.021
19.7382
17.4602
15.1972
12.9594
10.757
8.60025
6.49925
4.46383
2.5035
0.627264
-1.15648
-2.84016
-4.41718
-5.88217
-7.23121
-8.46204
-9.57429
-10.5696
-11.4518
-12.2266
-12.9015
-13.4853
-13.9869
-14.4148
-14.7753
-15.0722
-15.3059
-15.4733
632.769
273.25
172.509
125.737
99.0981
82.1384
70.5746
62.3322
56.2872
51.7785
48.3916
45.853
43.974
42.6196
41.69
41.1095
40.8191
40.7718
40.9294
41.2604
41.7382
42.3402
43.0467
43.8404
44.7056
45.6286
46.5963
47.5971
48.6197
49.6538
50.6895
51.7172
52.7281
53.7134
54.6647
55.5739
56.4334
57.2356
57.9734
58.6399
59.2286
59.7332
60.148
60.4675
60.6865
60.8006
60.8054
60.6974
60.4733
60.1303
59.6664
59.08
58.3701
57.5362
56.5785
55.4979
54.2958
52.9743
51.5361
49.9845
48.3235
46.5578
44.6925
42.7336
40.6875
38.5612
36.3622
34.0988
31.7794
29.4133
27.0099
24.5791
22.1312
19.6769
17.227
14.7926
12.3848
10.0151
7.69457
5.43452
3.24592
1.13944
-0.874724
-2.78698
-4.58857
-6.27177
-7.83015
-9.25887
-10.5549
-11.7175
-12.7481
-13.651
-14.4328
-15.1026
-15.671
-16.1495
-16.5488
-16.8777
-17.1412
-17.34
-17.4703
675.559
289.75
182.372
132.587
104.222
86.1428
73.7958
64.9795
58.5018
53.6615
50.0189
47.2831
45.2532
43.7853
42.7728
42.1348
41.8081
41.7425
41.8972
42.2387
42.7386
43.3727
44.1202
44.9626
45.8834
46.8678
47.9022
48.9739
50.0712
51.1829
52.2983
53.4075
54.5007
55.5685
56.602
57.5923
58.5311
59.4102
60.2218
60.9585
61.613
62.1785
62.6487
63.0174
63.2791
63.4286
63.4612
63.3728
63.1597
62.8188
62.3478
61.7446
61.0081
60.1376
59.1332
57.9956
56.7262
55.3271
53.8012
52.1518
50.3833
48.5005
46.509
44.415
42.2254
39.9477
37.5901
35.1613
32.6706
30.1279
27.5434
24.9279
22.2927
19.6492
17.0093
14.3852
11.7892
9.23359
6.73101
4.29382
1.9343
-0.33556
-2.5042
-4.56067
-6.49483
-8.2976
-9.96125
-11.4798
-12.8491
-14.0678
-15.1372
-16.0615
-16.8484
-17.5086
-18.0551
-18.5023
-18.8643
-19.1527
-19.3745
-19.531
-19.6172
720.719
306.809
192.496
139.569
109.405
90.1585
76.9957
67.5831
60.6578
55.4768
51.5733
48.6384
46.458
44.8788
43.7869
43.0959
42.7382
42.6604
42.819
43.1781
43.7077
44.3822
45.1795
46.0798
47.0659
48.122
49.2336
50.3874
51.5707
52.7716
53.979
55.1818
56.3697
57.5327
58.6609
59.7448
60.7754
61.7438
62.6414
63.46
64.1918
64.8293
65.3653
65.7931
66.1066
66.2999
66.3679
66.3058
66.1095
65.7756
65.3011
64.6838
63.9222
63.0154
61.9633
60.7666
59.4265
57.9453
56.3258
54.5716
52.6871
50.6776
48.549
46.3079
43.9616
41.5184
38.9869
36.3765
33.6974
30.9601
28.1758
25.3563
22.5136
19.6605
16.8098
13.9749
11.1692
8.40644
5.70046
3.06503
0.51387
-1.93956
-4.28217
-6.50142
-8.58557
-10.5239
-12.3072
-13.9279
-15.3807
-16.663
-17.7754
-18.7225
-19.5126
-20.158
-20.6747
-21.0806
-21.394
-21.6305
-21.8
-21.9048
-21.9387
767.268
324.395
202.863
146.664
114.625
94.1612
80.1497
70.119
62.7325
57.203
53.0353
49.9009
47.5721
45.8851
44.7186
43.9802
43.5981
43.5152
43.6853
44.0704
44.6388
45.3632
46.2202
47.1891
48.2517
49.3912
50.5923
51.8408
53.1233
54.4272
55.7403
57.051
58.3482
59.6209
60.8585
62.0508
63.1879
64.26
65.2578
66.1723
66.9948
67.7171
68.3312
68.8298
69.2059
69.453
69.5653
69.5375
69.365
69.0436
68.5701
67.9419
67.1571
66.2145
65.1139
63.8556
62.4411
60.8724
59.1526
57.2853
55.2753
53.128
50.8497
48.4476
45.9295
43.3042
40.5811
37.7703
34.8828
31.9301
28.9242
25.878
22.8047
19.718
16.6322
13.5617
10.5214
7.52647
4.59213
1.73372
-1.03346
-3.69428
-6.2339
-8.63799
-10.893
-12.9862
-14.9066
-16.6446
-18.1934
-19.5488
-20.7106
-21.6826
-22.474
-23.0987
-23.5759
-23.928
-24.1786
-24.3486
-24.4522
-24.4934
-24.4644
816.314
342.52
213.453
153.845
119.852
98.1213
83.2283
72.5591
64.6994
58.8156
54.3823
51.0501
48.5765
46.787
45.552
44.7734
44.3745
44.2949
44.4856
44.9064
45.5236
46.3088
47.2372
48.2871
49.4391
50.6756
51.9804
53.3385
54.7356
56.1583
57.5935
59.0289
60.4523
61.8519
63.2163
64.5343
65.7951
66.988
68.1028
69.1296
70.0587
70.8811
71.588
72.1711
72.6226
72.9354
73.1028
73.1189
72.9783
72.6764
72.2094
71.5741
70.7684
69.7908
68.6406
67.3183
65.825
64.1628
62.3347
60.3448
58.1979
55.8998
53.4573
50.8779
48.1702
45.3435
42.408
39.3748
36.2556
33.0628
29.8098
26.5104
23.1791
19.8308
16.4811
13.146
9.84181
6.5852
3.39305
0.28241
-2.72964
-5.6261
-8.39018
-11.0055
-13.4563
-15.7278
-17.8066
-19.6809
-21.3415
-22.7824
-24.0017
-25.0024
-25.7936
-26.3911
-26.8173
-27.0999
-27.2693
-27.3539
-27.3739
-27.3361
-27.2311
867.244
361.153
224.238
161.08
125.051
102.003
86.1961
74.8696
66.5274
60.2863
55.5885
52.0624
49.4498
47.5646
46.269
45.4585
45.0521
44.9855
45.2072
45.6747
46.3528
47.2115
48.2247
49.3698
50.6263
51.9757
53.401
54.8861
56.4159
57.9762
59.5529
61.1326
62.7023
64.2493
65.7611
67.2254
68.6305
69.9646
71.2164
72.3751
73.4299
74.3707
75.1878
75.8719
76.4144
76.807
77.0424
77.1138
77.0151
76.741
76.2871
75.6496
74.826
73.8143
72.6137
71.2243
69.6471
67.8843
65.9389
63.8152
61.5181
59.054
56.4299
53.6541
50.7357
47.6847
44.5123
41.2304
37.8518
34.39
30.8595
27.2754
23.6536
20.0104
16.3629
12.7287
9.12574
5.57239
2.08739
-1.31033
-4.60169
-7.76758
-10.789
-13.6473
-16.3243
-18.8025
-21.0658
-23.0998
-24.8924
-26.4349
-27.723
-28.7581
-29.5489
-30.112
-30.4734
-30.667
-30.7318
-30.7061
-30.6191
-30.4823
-30.2848
919.982
380.269
235.183
168.327
130.179
105.76
89.0103
77.0109
68.1802
61.5821
56.624
52.9105
50.1667
48.1947
46.848
46.0158
45.6124
45.5701
45.8348
46.362
47.1147
48.0615
49.1753
50.4324
51.8112
53.2924
54.8578
56.4907
58.1749
59.8951
61.6363
63.3841
65.1244
66.8432
68.5271
70.1626
71.7366
73.2365
74.6496
75.9637
77.1672
78.2486
79.1971
80.0022
80.6543
81.1441
81.4632
81.6039
81.5592
81.3231
80.8904
80.2567
79.4188
78.3745
77.1225
75.6625
73.9956
72.1239
70.0503
67.7793
65.3163
62.6679
59.8416
56.8464
53.692
50.3895
46.9508
43.3889
39.7177
35.952
32.1077
28.2013
24.25
20.272
16.286
12.3112
8.36761
4.47544
0.655475
-3.07123
-6.68335
-10.1595
-13.4781
-16.6178
-19.5578
-22.2776
-24.7579
-26.9809
-28.931
-30.5962
-31.9687
-33.0472
-33.8387
-34.3603
-34.641
-34.7215
-34.6515
-34.4828
-34.2575
-33.995
-33.6831
975.43
399.852
246.241
175.533
135.177
109.339
91.6189
78.9356
69.6151
62.6644
57.4538
53.5625
50.6979
48.6498
47.2632
46.421
46.0329
46.028
46.3496
46.9513
47.7947
48.847
50.0801
51.469
52.9913
54.6268
56.3562
58.1618
60.0264
61.9336
63.8673
65.8118
67.752
69.6725
71.5585
73.3954
75.1687
76.8642
78.468
79.9666
81.3468
82.5959
83.7017
84.6524
85.437
86.0452
86.4673
86.6945
86.7188
86.5333
86.1318
85.5094
84.662
83.5869
82.2824
80.748
78.9845
76.9937
74.7789
72.3446
69.6965
66.8417
63.7883
60.5458
57.125
53.5378
49.7971
45.9171
41.9131
37.8014
33.5991
29.3245
24.9966
20.6354
16.2613
11.8957
7.5606
3.27849
-0.927608
-5.03425
-9.01761
-12.8536
-16.518
-19.9864
-23.2347
-26.2392
-28.9768
-31.4257
-33.5662
-35.3816
-36.8597
-37.9952
-38.7917
-39.2653
-39.4471
-39.3849
-39.1414
-38.7861
-38.38
-37.9557
-37.5008
1032.34
419.832
257.351
182.627
139.974
112.669
93.9586
80.5869
70.7815
63.4881
58.0368
53.9802
51.0076
48.8964
47.4829
46.644
46.2854
46.3329
46.7276
47.4214
48.3744
49.5528
50.9273
52.472
54.1636
55.9806
57.903
59.9117
61.9886
64.1159
66.2764
68.4531
70.6292
72.7882
74.9135
76.9891
78.999
80.9272
82.7583
84.4772
86.069
87.5194
88.8146
89.9414
90.8871
91.6401
92.1892
92.5244
92.6365
92.5173
92.1598
91.558
90.7072
89.6039
88.2459
86.6323
84.7636
82.6416
80.2696
77.6523
74.7957
71.7074
68.3961
64.8723
61.1475
57.2346
53.1481
48.9033
44.517
40.0071
35.3926
30.6935
25.9308
21.1266
16.3036
11.4853
6.69618
1.96119
-2.69405
-7.24339
-11.6602
-15.9173
-19.9875
-23.843
-27.456
-30.799
-33.8445
-36.5662
-38.9392
-40.9412
-42.5541
-43.7666
-44.5771
-44.9982
-45.0614
-44.8208
-44.3538
-43.7533
-43.1079
-42.4716
-41.8351
1091.86
440.165
268.427
189.515
144.478
115.665
95.9522
81.8968
71.6192
63.9987
58.3231
54.1171
51.0518
48.8923
47.4667
46.6465
46.3334
46.4507
46.9374
47.7441
48.8295
50.1589
51.7019
53.4317
55.324
57.3563
59.5074
61.7571
64.086
66.4749
68.9051
71.358
73.8154
76.2588
78.6701
81.0314
83.3247
85.5322
87.6367
89.621
91.4683
93.1625
94.6877
96.029
97.172
98.1031
98.8097
99.2801
99.5037
99.4709
99.1735
98.6044
97.7579
96.6298
95.2172
93.5187
91.5345
89.2662
86.7172
83.8923
80.798
77.4423
73.8348
69.9868
65.9109
61.6215
57.1341
52.4658
47.6352
42.6621
37.5673
32.3732
27.1031
21.7812
16.433
11.0847
5.76327
0.496708
-4.68646
-9.75698
-14.685
-19.44
-23.9912
-28.3069
-32.3555
-36.1048
-39.5226
-42.5771
-45.2373
-47.474
-49.2617
-50.5807
-51.4215
-51.7899
-51.7142
-51.2527
-50.4983
-49.5736
-48.607
-47.6878
-46.8158
1153.49
460.75
279.352
196.073
148.567
118.218
97.5053
82.7832
72.0555
64.1304
58.2513
53.9148
50.774
48.5828
47.1617
46.3773
46.1283
46.3356
46.9369
47.8814
49.127
50.638
52.3831
54.3346
56.4671
58.7572
61.1823
63.7209
66.3521
69.0552
71.8097
74.5953
77.3917
80.1785
82.9355
85.6425
88.2793
90.826
93.2629
95.5705
97.7298
99.7222
101.53
103.135
104.522
105.674
106.577
107.218
107.584
107.663
107.447
106.926
106.095
104.946
103.478
101.687
99.5745
97.1408
94.3895
91.3258
87.9564
84.2902
80.3376
76.1108
71.6239
66.8926
61.9342
56.7677
51.4137
45.8941
40.2324
34.4533
28.5828
22.6481
16.6776
10.7005
4.74716
-1.15123
-6.96264
-12.6543
-18.1925
-23.5431
-28.671
-33.5404
-38.115
-42.3575
-46.2303
-49.6953
-52.7143
-55.2499
-57.2672
-58.7357
-59.6343
-59.9573
-59.7244
-58.9932
-57.8705
-56.5145
-55.1099
-53.8042
-52.6205
1216.77
481.445
289.958
202.127
152.083
120.192
98.5016
83.1456
72.0007
63.8002
57.7424
53.2966
50.0994
47.8942
46.4957
45.7666
45.6029
45.9244
46.6674
47.7805
49.2209
50.9519
52.9418
55.1618
57.5854
60.188
62.9456
65.8353
68.8344
71.9201
75.0702
78.262
81.4729
84.6801
87.8608
90.9922
94.0515
97.0158
99.8626
102.57
105.115
107.477
109.636
111.57
113.262
114.692
115.844
116.701
117.249
117.476
117.368
116.917
116.113
114.951
113.426
111.534
109.276
106.652
103.665
100.322
96.6291
92.5959
88.2341
83.5573
78.5809
73.3225
67.8015
62.0391
56.0582
49.8837
43.5417
37.0601
30.4682
23.7965
17.077
10.3426
3.62748
-3.03325
-9.60348
-16.0462
-22.3235
-28.3965
-34.2257
-39.7702
-44.9884
-49.8375
-54.2734
-58.2509
-61.7236
-64.6445
-66.9671
-68.6472
-69.6478
-69.9454
-69.5434
-68.4893
-66.8974
-64.9646
-62.9534
-61.1064
-59.4973
1282.91
502.067
300.006
207.443
154.821
121.413
98.7965
82.8585
71.3406
62.8999
56.6908
52.158
48.9235
46.723
45.3665
44.7141
44.6608
45.1255
46.0441
47.3648
49.0443
51.0456
53.336
55.8859
58.6679
61.6556
64.8237
68.1473
71.6016
75.1617
78.8028
82.4994
86.2262
89.9574
93.667
97.3288
100.917
104.404
107.765
110.975
114.006
116.835
119.437
121.789
123.868
125.653
127.123
128.26
129.046
129.465
129.504
129.15
128.394
127.227
125.643
123.638
121.212
118.364
115.099
111.421
107.339
102.863
98.0064
92.7837
87.2125
81.3126
75.1057
68.6161
61.8696
54.8943
47.7201
40.3785
32.9028
25.3277
17.6895
10.0257
2.37505
-5.22252
-12.726
-20.0933
-27.2815
-34.2463
-40.9426
-47.3239
-53.3426
-58.9491
-64.0924
-68.7192
-72.7736
-76.1975
-78.9306
-80.9121
-82.0837
-82.397
-81.8273
-80.3976
-78.2145
-75.5088
-72.6435
-70.0155
-67.8065
1350.16
522.275
309.138
211.692
156.507
121.663
98.2071
81.7595
69.9228
61.28
54.947
50.3477
47.0938
44.9158
43.6215
43.0705
43.1575
43.8016
44.9392
46.5186
48.4964
50.8352
53.5018
56.4655
59.6976
63.1701
66.8559
70.7277
74.7581
78.9195
83.1837
87.5222
91.9057
96.3047
100.689
105.029
109.293
113.451
117.473
121.327
124.984
128.415
131.591
134.483
137.065
139.311
141.198
142.702
143.802
144.48
144.718
144.502
143.82
142.66
141.015
138.882
136.256
133.138
129.533
125.444
120.883
115.859
110.387
104.486
98.1731
91.4725
84.4087
77.0095
69.3046
61.3263
53.1089
44.6888
36.1043
27.3954
18.6036
9.77237
0.946127
-7.82928
-16.5067
-25.0379
-33.3735
-41.4629
-49.2544
-56.6946
-63.7287
-70.2999
-76.3486
-81.8124
-86.6249
-90.7153
-94.0075
-96.4204
-97.8695
-98.2723
-97.5618
-95.7141
-92.7994
-89.0597
-84.974
-81.1818
-78.0897
1419.51
541.582
316.814
214.412
156.784
120.659
96.4926
79.6267
67.5295
58.7203
52.2847
47.6334
44.3731
42.233
41.0217
40.6
40.8644
41.7354
43.1506
45.0587
47.417
50.188
53.3375
56.8342
60.6476
64.7477
69.1051
73.6893
78.47
83.4157
88.4941
93.6724
98.9164
104.192
109.463
114.694
119.85
124.892
129.786
134.494
138.98
143.21
147.147
150.759
154.012
156.877
159.322
161.321
162.848
163.879
164.394
164.374
163.804
162.67
160.963
158.676
155.805
152.351
148.316
143.707
138.534
132.809
126.55
119.775
112.509
104.777
96.608
88.0349
79.0925
69.8184
60.2528
50.4385
40.42
30.2446
19.9607
9.61898
-0.728419
-11.0282
-21.2252
-31.2634
-41.0855
-50.6327
-59.8451
-68.661
-77.0171
-84.8474
-92.0829
-98.6506
-104.472
-109.463
-113.528
-116.563
-118.453
-119.071
-118.291
-116.011
-112.218
-107.107
-101.256
-95.6649
-91.2023
1490.16
559.117
322.192
214.957
155.175
118.022
93.3156
76.1303
63.8229
54.8676
48.3346
43.6318
40.3672
38.2745
37.1662
36.9071
37.3978
38.561
40.337
42.6759
45.5356
48.8792
52.6713
56.8798
61.4719
66.4151
71.6771
77.2231
83.0187
89.0273
95.2109
101.531
107.947
114.417
120.9
127.35
133.726
139.981
146.071
151.952
157.58
162.91
167.898
172.505
176.689
180.412
183.636
186.327
188.453
189.984
190.894
191.16
190.761
189.682
187.908
185.431
182.247
178.352
173.752
168.453
162.465
155.805
148.491
140.548
132.002
122.884
113.231
103.08
92.4734
81.4561
70.0768
58.3869
46.4393
34.2912
22.0003
9.6274
-2.76509
-15.1141
-27.3533
-39.4169
-51.2365
-62.7428
-73.8657
-84.5321
-94.6685
-104.198
-113.039
-121.107
-128.31
-134.547
-139.704
-143.649
-146.232
-147.273
-146.568
-143.901
-139.104
-132.212
-123.794
-115.315
-108.582
1560.31
573.298
323.945
212.416
151.029
113.205
88.1492
70.7222
58.2182
49.0988
42.4362
37.6526
34.3633
32.3142
31.3269
31.2713
32.0577
33.6102
35.8749
38.8045
42.3562
46.4967
51.1869
56.3952
62.0856
68.221
74.7669
81.68
88.9228
96.4492
104.214
112.172
120.269
128.459
136.685
144.894
153.032
161.038
168.863
176.444
183.727
190.658
197.175
203.235
208.776
213.753
218.121
221.827
224.84
227.112
228.613
229.315
229.183
228.206
226.359
223.629
220.017
215.51
210.119
203.848
196.71
188.728
179.918
170.317
159.954
148.868
137.107
124.711
111.74
98.2459
84.2888
69.9357
55.2484
40.3015
25.1641
9.9117
-5.37734
-20.6279
-35.7555
-50.6826
-65.3241
-79.5962
-93.4159
-106.692
-119.342
-131.269
-142.38
-152.576
-161.745
-169.773
-176.52
-181.827
-185.505
-187.311
-186.951
-184.051
-178.198
-169.078
-156.948
-143.665
-132.843
1629.99
581.077
319.991
205.501
143.384
105.296
80.0352
62.3504
49.5639
40.1738
33.2609
28.3061
24.9207
22.8798
22.0286
22.2261
23.4198
25.5213
28.4892
32.2885
36.8616
42.1951
48.2351
54.9543
62.3134
70.2649
78.7759
87.7839
97.2554
107.12
117.329
127.825
138.524
149.393
160.326
171.276
182.172
192.906
203.457
213.696
223.575
233.032
241.94
250.3
257.979
264.933
271.126
276.425
280.86
284.315
286.754
288.182
288.476
287.694
285.761
282.652
278.415
272.962
266.369
258.613
249.693
239.692
228.568
216.414
203.256
189.125
174.124
158.266
141.654
124.354
106.428
87.9891
69.0951
49.8585
30.3636
10.707
-9.0039
-28.6809
-48.2042
-67.4883
-86.4113
-104.876
-122.779
-139.995
-156.442
-171.98
-186.512
-199.92
-212.05
-222.8
-231.974
-239.399
-244.85
-247.993
-248.465
-245.675
-238.879
-227.155
-209.797
-188.3
-169.316
1688.84
576.311
307.108
192.233
130.514
92.3759
66.8439
48.5921
35.1618
25.1983
17.6586
12.3119
8.62536
6.45699
5.76967
6.25389
8.07401
11.0287
15.0995
20.348
26.5853
33.9238
42.2403
51.5144
61.728
72.7884
84.6879
97.3056
110.661
124.572
139.055
154.004
169.228
184.859
200.519
216.315
232.123
247.613
263.084
277.993
292.482
306.511
319.574
332.145
343.604
354.057
363.63
371.661
378.748
384.32
388.381
391.255
392.209
391.871
389.827
385.97
380.778
373.567
364.902
354.58
342.428
328.983
313.722
297.089
279.076
259.525
238.922
216.971
193.992
170.089
145.21
119.706
93.5049
66.8428
39.8356
12.5872
-14.7142
-41.9802
-68.998
-95.7239
-121.895
-147.463
-172.269
-196.068
-218.925
-240.453
-260.681
-279.442
-296.413
-311.72
-324.87
-335.819
-344.317
-349.771
-352.006
-349.966
-342.618
-328.205
-303.851
-268.313
-230.865
1715.7
547.315
280.109
168.503
108.06
68.7914
42.333
22.1627
6.76558
-4.49285
-14.1218
-20.3539
-25.0166
-27.9377
-28.2267
-27.7344
-24.6804
-20.1175
-14.1366
-5.79144
3.6017
15.0913
28.1569
42.6752
58.9486
76.5803
95.7274
116.019
137.909
160.441
184.327
209.125
233.969
260.561
286.358
312.972
340.051
365.52
392.734
417.747
442.461
467.444
488.954
511.899
531.637
549.557
567.761
580.901
594.798
605.115
612.083
619.404
620.787
621.997
619.899
613.377
607.176
595.121
581.999
566.286
545.904
525.67
500.57
473.891
445.502
413.159
380.751
345.068
307.932
269.89
229.414
188.808
146.702
103.955
60.929
17.4153
-25.9859
-69.2969
-111.934
-154.361
-195.349
-235.631
-274.625
-311.443
-347.59
-380.727
-412.28
-441.723
-467.563
-492.116
-512.459
-529.997
-544.509
-553.721
-559.916
-559.499
-552.176
-535.648
-502.149
-444.102
-358.617
1626.33
473.475
224.932
116.844
56.7688
5.57973
-24.0856
-53.5373
-78.3057
-92.0048
-114.162
-122.429
-131.368
-140.543
-137.615
-142.109
-134.983
-125.005
-116.464
-96.3359
-79.0709
-53.7064
-23.6685
7.52231
45.5632
86.5674
132.231
179.668
235.674
289.472
350.276
415.256
472.74
549.856
613.614
683.228
762.265
818.868
905.997
970.561
1032.64
1115.78
1159.24
1239.18
1293.31
1330.68
1404.03
1423.39
1477.24
1509.75
1510.06
1558.21
1546.3
1559.47
1561.72
1521.39
1531.72
1486.73
1453.99
1422.08
1346.55
1313.95
1239.78
1166.98
1102.93
1003.88
933.325
838.692
740.498
652.123
543.878
449.103
345.64
240.6
140.122
36.6326
-64.2465
-164.143
-258.778
-357.04
-444.234
-533.706
-618.801
-690.453
-772.825
-835.539
-900.308
-961.768
-1003.3
-1058.95
-1092.09
-1123.97
-1155.03
-1162.39
-1182.23
-1179.3
-1167.76
-1150.71
-1094.64
-1007.34
-781.336
