0.773135
0.751964
0.728478
0.714315
0.708048
0.707616
0.711219
0.717406
0.725027
0.733163
0.741065
0.748113
0.753779
0.757602
0.75917
0.758104
0.754051
0.746673
0.735639
0.720626
0.701308
0.677357
0.648437
0.614206
0.574307
0.528369
0.476005
0.416805
0.350333
0.276125
0.193677
0.102438
0.0017945
-0.108952
-0.230619
-0.36421
-0.511029
-0.672958
-0.853221
-1.06052
1.82969
3.03327
2.98472
2.77755
2.47981
2.11165
1.6856
1.21283
0.704604
0.172605
-0.371114
-0.91432
-1.44485
-1.95086
-2.42114
-2.84534
-3.21425
-3.51999
-3.75626
-3.91841
-4.00364
-4.01102
-3.9415
-3.79794
-3.58499
-3.30902
-2.97789
-2.60087
-2.18829
-1.75137
-1.30193
-0.85205
-0.413842
0.00089654
0.380955
0.715986
0.996767
1.21542
1.36561
1.44271
1.44399
1.60334
1.75073
1.8897
2.02071
2.14416
2.26044
2.36995
2.47305
2.57011
2.66149
2.74753
2.82856
2.90492
2.97692
3.04487
3.10907
3.16981
3.22737
3.28202
3.33403
3.38365
3.43113
3.47671
3.52061
3.56306
3.60427
3.64446
3.68383
3.72258
3.76091
3.799
3.83703
3.87519
3.91362
3.95239
3.99136
4.02974
4.06411
4.07431
2.66572
-0.443281
-0.388844
-0.344107
-0.301508
-0.26021
-0.219874
-0.180321
-0.141442
-0.103167
-0.0654474
-0.0282532
0.008437
0.044636
0.0803508
0.115584
0.150333
0.184594
0.218359
0.251619
0.284362
0.316572
0.348235
0.379331
0.40984
0.439737
0.468997
0.497591
0.525484
0.552638
0.579009
0.604545
0.629184
0.652852
0.675456
0.696874
0.716943
0.735425
0.75193
0.765671
