-0.352144
-0.360617
-0.352917
-0.336651
-0.315636
-0.29203
-0.267159
-0.241897
-0.21685
-0.192463
-0.169078
-0.146969
-0.126369
-0.107482
-0.0904915
-0.0755727
-0.0628927
-0.052616
-0.0449071
-0.0399325
-0.0378623
-0.0388718
-0.0431425
-0.0508638
-0.0622335
-0.0774597
-0.0967616
-0.120372
-0.148539
-0.181527
-0.219625
-0.263148
-0.312443
-0.367907
-0.429999
-0.499279
-0.57647
-0.662612
-0.759555
-0.873659
-1
-0.987688
-0.951057
-0.891007
-0.809017
-0.707107
-0.587785
-0.45399
-0.309017
-0.156434
-6.12323e-17
0.156434
0.309017
0.45399
0.587785
0.707107
0.809017
0.891007
0.951057
0.987688
1
0.987688
0.951057
0.891007
0.809017
0.707107
0.587785
0.45399
0.309017
0.156434
1.83697e-16
-0.156434
-0.309017
-0.45399
-0.587785
-0.707107
-0.809017
-0.891007
-0.951057
-0.987688
-1
-1
-1
-1
-1
-1
-1
-1
-1
-1
-1
-1
-1
-1
-1
-1
-1
-1
-1
-1
-1
-1
-1
-1
-1
-1
-1
-1
-1
-1
-1
-1
-1
-1
-1
-1
-1
-1
-1
-1
-1
-0.970326
-0.942079
-0.916494
-0.892012
-0.868277
-0.845144
-0.822538
-0.800417
-0.778756
-0.75754
-0.736761
-0.716414
-0.6965
-0.677021
-0.657979
-0.63938
-0.621231
-0.603537
-0.586308
-0.56955
-0.553273
-0.537487
-0.522199
-0.507421
-0.493163
-0.479436
-0.466251
-0.453619
-0.441554
-0.430068
-0.419176
-0.408893
-0.399235
-0.39022
-0.381869
-0.374207
-0.367268
-0.361105
-0.355844
