-0.689041
-0.994377
3.46311
19.076
0.0475068
-0.00410928
-0.0866137
-0.142025
0.206925
1.84791
5.10337
9.38154
14.5169
20.8658
0.164976
0.178407
0.187712
0.220563
0.361893
0.804737
1.78859
3.35521
5.31533
7.66278
11.0539
21.0785
0.263517
0.30305
0.346266
0.40379
0.506545
0.716045
1.1229
1.80542
2.76331
3.9213
5.23991
6.84336
9.26146
14.8785
0.313097
0.381364
0.450445
0.522348
0.610073
0.741975
0.959841
1.30895
1.81822
2.48107
3.26137
4.12966
5.10736
6.33402
8.36216
11.4919
0.308602
0.4052
0.507363
0.60827
0.70172
0.798939
0.929743
1.12873
1.42242
1.82172
2.31859
2.89121
3.51858
4.19924
4.97707
6.01266
7.97243
17.105
0.366692
0.493672
0.642205
0.786987
0.894865
0.974485
1.07615
1.24166
1.48787
1.81469
2.21143
2.6613
3.14782
3.66315
4.21919
4.87325
5.84026
7.87835
0.398928
0.561109
0.784291
1.02058
1.13723
1.14069
1.17607
1.30181
1.51327
1.79523
2.13226
2.50889
2.91097
3.32881
3.7619
4.22896
4.80299
5.87843
0.30354
0.385186
0.564511
0.892349
1.41418
1.53547
1.26112
1.19499
1.29929
1.49956
1.76214
2.06858
2.40482
2.75857
3.1199
3.48317
3.85076
4.24442
4.78079
18.7294
0.24669
0.31362
0.436502
0.712398
2.08508
2.20798
1.08515
1.07074
1.22684
1.45052
1.7176
2.01613
2.33593
2.66703
3.00012
3.32759
3.64478
3.95216
4.26745
6.76369
0.170716
0.206191
0.210792
0.0941613
-1.0803
-0.958183
0.464353
0.840022
1.11114
1.38099
1.66884
1.97619
2.2981
2.62684
2.95392
3.2714
3.57246
3.85079
4.08923
3.85777
0.0965082
0.116314
0.0598937
-0.113756
-0.442599
-0.323478
0.247828
0.676053
1.00529
1.31195
1.62548
1.95335
2.29309
2.63782
2.97943
3.31073
3.62681
3.92665
4.22074
6.2464
0.066455
0.0182718
-0.0611088
-0.115432
-0.00183771
0.284929
0.61206
0.93189
1.25499
1.5943
1.95323
2.32731
2.70812
3.08729
3.46004
3.82951
4.21838
4.76648
0.0471808
0.020416
-0.000528707
0.0187965
0.123572
0.320688
0.578519
0.874549
1.20636
1.5765
1.98199
2.41297
2.85696
3.30519
3.75959
4.24585
4.86889
6.03312
0.0434949
0.0262069
0.0294179
0.0667723
0.158285
0.312918
0.529139
0.807108
1.15259
1.56903
2.04879
2.57346
3.12365
3.69243
4.30157
5.04213
6.30235
11.8576
0.0245008
0.0321943
0.0666653
0.139254
0.260438
0.442475
0.705249
1.07455
1.56707
2.17292
2.85818
3.59258
4.38218
5.31371
6.74609
8.75969
0.0164614
0.0372738
0.085276
0.168399
0.30669
0.542797
0.94331
1.56582
2.40363
3.38658
4.46996
5.73228
7.53616
11.5495
-0.00850638
0.0135591
0.0494839
0.118412
0.285852
0.704504
1.56474
2.89292
4.51772
6.40452
9.03802
16.6008
-0.0486136
-0.0646703
-0.0983582
-0.10014
0.233318
1.62343
4.32718
7.82631
11.8922
16.7483
-0.532019
-0.742097
2.93085
15.6851
