2.19831
2.212
2.22477
2.23655
2.24722
2.25663
2.26467
2.2712
2.27614
2.2794
2.28093
2.28068
2.27864
2.2748
2.26916
2.26173
2.25254
2.2416
2.22896
2.21464
2.19867
2.18111
2.16199
2.14134
2.11923
2.09568
2.07074
2.04447
2.01691
1.98811
1.95812
1.92698
1.89476
1.86149
1.82722
1.79202
1.75593
1.719
1.68127
1.64282
1.60367
1.56389
1.52352
1.48263
1.44125
1.39944
1.35725
1.31474
1.27196
1.22897
1.1858
1.14253
1.0992
1.05587
1.01258
0.969403
0.92638
0.883567
0.841021
0.798795
0.756946
0.71553
0.674604
0.634225
0.594452
0.555341
0.516951
0.479339
0.442565
0.406686
0.371761
0.337848
0.305008
0.2733
0.242785
0.213528
0.18559
0.159037
0.133932
0.110341
0.0883281
0.0679575
0.049293
0.0323977
0.0173348
0.00416716
-0.00704183
-0.0162281
-0.0233271
-0.0282735
-0.0310024
-0.0314498
-0.0295541
-0.0252572
-0.0185059
-0.00925325
0.00254015
0.0169057
0.0338663
0.053436
0.0756201
2.13456
2.11247
2.09836
2.08986
2.0852
2.08311
2.08263
2.08306
2.08387
2.08466
2.08513
2.08504
2.08423
2.08256
2.07993
2.07627
2.07153
2.06567
2.05866
2.0505
2.04117
2.03068
2.01904
2.00625
1.99234
1.97732
1.96122
1.94406
1.92586
1.90667
1.8865
1.86539
1.84338
1.8205
1.79679
1.77227
1.747
1.72101
1.69433
1.66701
1.63909
1.61061
1.5816
1.55212
1.52219
1.49187
1.4612
1.43022
1.39898
1.3675
1.33586
1.30407
1.27219
1.24027
1.20835
1.17647
1.14467
1.11301
1.08153
1.05027
1.01928
0.988611
0.9583
0.928396
0.898945
0.869995
0.84159
0.813778
0.786604
0.760114
0.734354
0.709371
0.685209
0.661915
0.639535
0.618112
0.597693
0.578322
0.560042
0.542897
0.526931
0.512184
0.498698
0.486512
0.475664
0.466193
0.458133
0.451518
0.446381
0.442749
0.440651
0.440108
0.441142
0.443768
0.447997
0.453834
0.46128
0.470328
0.480965
0.493167
0.506905
2.05459
2.03773
2.02526
2.01607
2.00935
2.00446
2.00093
1.99836
1.99644
1.99491
1.99354
1.99215
1.99058
1.98871
1.98643
1.98364
1.98027
1.97625
1.97155
1.96611
1.9599
1.95291
1.94511
1.9365
1.92706
1.9168
1.90572
1.89383
1.88114
1.86766
1.8534
1.83839
1.82265
1.80618
1.78903
1.77121
1.75274
1.73367
1.714
1.69378
1.67303
1.65178
1.63007
1.60793
1.58538
1.56247
1.53923
1.51568
1.49188
1.46784
1.44361
1.41922
1.3947
1.37011
1.34546
1.3208
1.29616
1.27158
1.2471
1.22276
1.19859
1.17463
1.15091
1.12748
1.10437
1.08162
1.05926
1.03734
1.01588
0.994929
0.974516
0.95468
0.935454
0.916875
0.898975
0.881788
0.865348
0.849685
0.834833
0.82082
0.807677
0.79543
0.784107
0.773733
0.764332
0.755925
0.748532
0.742172
0.736859
0.732607
0.729425
0.727322
0.7263
0.726361
0.727501
0.729714
0.732987
0.737307
0.742655
0.749007
0.756339
2.05875
2.04502
2.0312
2.01823
2.00656
1.99634
1.98756
1.98008
1.97375
1.96835
1.9637
1.95961
1.95591
1.95244
1.94907
1.94567
1.94215
1.93839
1.93434
1.92993
1.92509
1.91978
1.91397
1.90762
1.90071
1.89322
1.88513
1.87645
1.86716
1.85726
1.84676
1.83566
1.82397
1.8117
1.79886
1.78546
1.77152
1.75706
1.7421
1.72665
1.71074
1.69439
1.67762
1.66046
1.64293
1.62506
1.60687
1.58839
1.56965
1.55067
1.53148
1.51212
1.49261
1.47297
1.45325
1.43346
1.41365
1.39383
1.37404
1.35432
1.33468
1.31516
1.29579
1.27661
1.25763
1.2389
1.22043
1.20227
1.18443
1.16696
1.14986
1.13319
1.11696
1.10119
1.08592
1.07117
1.05697
1.04334
1.0303
1.01788
1.00609
0.994956
0.984497
0.974729
0.965667
0.957325
0.949715
0.942845
0.936725
0.931359
0.926751
0.9229
0.919804
0.917457
0.915851
0.914973
0.914808
0.915335
0.91653
0.918366
0.920811
2.2665
2.20035
2.14822
2.1069
2.07395
2.04752
2.0262
2.00891
1.99479
1.98318
1.97355
1.96546
1.95858
1.95261
1.94732
1.94251
1.93802
1.93371
1.92946
1.92518
1.92077
1.91617
1.91133
1.90618
1.9007
1.89484
1.88858
1.8819
1.87477
1.8672
1.85916
1.85066
1.84169
1.83224
1.82234
1.81197
1.80114
1.78988
1.77818
1.76605
1.75352
1.7406
1.7273
1.71364
1.69963
1.68531
1.67067
1.65576
1.64058
1.62517
1.60953
1.5937
1.57769
1.56153
1.54525
1.52887
1.51241
1.49589
1.47935
1.4628
1.44628
1.4298
1.41339
1.39707
1.38087
1.36482
1.34894
1.33325
1.31778
1.30254
1.28757
1.27289
1.25851
1.24446
1.23076
1.21743
1.20449
1.19196
1.17986
1.1682
1.157
1.14627
1.13603
1.12629
1.11706
1.10835
1.10017
1.09252
1.08541
1.07885
1.07282
1.06734
1.06239
1.05797
1.05407
1.05068
1.04778
1.04535
1.04338
1.04182
1.04064
2.42133
2.32377
2.24915
2.19105
2.14514
2.10844
2.0788
2.05466
2.03486
2.0185
2.00488
1.99346
1.9838
1.97554
1.96838
1.96208
1.95645
1.95131
1.94651
1.94194
1.9375
1.9331
1.92865
1.92411
1.9194
1.9145
1.90935
1.90393
1.89821
1.89216
1.88577
1.87903
1.87192
1.86443
1.85657
1.84832
1.83969
1.83068
1.8213
1.81155
1.80143
1.79096
1.78015
1.769
1.75753
1.74575
1.73368
1.72133
1.70872
1.69586
1.68277
1.66946
1.65597
1.64229
1.62846
1.61449
1.60041
1.58622
1.57196
1.55764
1.54328
1.52891
1.51454
1.50019
1.48588
1.47164
1.45748
1.44343
1.4295
1.41572
1.40209
1.38865
1.37541
1.36238
1.34959
1.33705
1.32477
1.31278
1.30108
1.2897
1.27864
1.26791
1.25753
1.24751
1.23784
1.22856
1.21965
1.21112
1.20298
1.19523
1.18788
1.18091
1.17433
1.16813
1.16231
1.15686
1.15178
1.14706
1.14268
1.13865
1.13494
2.42706
2.3571
2.29682
2.24539
2.20175
2.16483
2.13361
2.10722
2.08488
2.06594
2.04984
2.03611
2.02434
2.01422
2.00543
1.99776
1.99098
1.98491
1.97941
1.97435
1.9696
1.96508
1.96069
1.95636
1.95203
1.94764
1.94314
1.9385
1.93367
1.92863
1.92335
1.9178
1.91198
1.90586
1.89943
1.89269
1.88563
1.87825
1.87053
1.86249
1.85413
1.84544
1.83643
1.82712
1.81749
1.80757
1.79737
1.78689
1.77614
1.76514
1.75389
1.74242
1.73074
1.71885
1.70678
1.69454
1.68215
1.66962
1.65697
1.64421
1.63136
1.61845
1.60547
1.59247
1.57944
1.5664
1.55338
1.54039
1.52745
1.51457
1.50177
1.48907
1.47647
1.464
1.45167
1.4395
1.42749
1.41567
1.40404
1.39261
1.3814
1.37042
1.35967
1.34917
1.33893
1.32894
1.31922
1.30976
1.30059
1.29169
1.28306
1.27472
1.26666
1.25888
1.25137
1.24414
1.23718
1.23048
1.22405
1.21789
1.21199
2.55443
2.46719
2.3951
2.33506
2.28473
2.24233
2.20646
2.176
2.15003
2.12785
2.10883
2.09249
2.0784
2.06621
2.05563
2.04639
2.03827
2.03109
2.02468
2.01889
2.01361
2.00871
2.00411
1.99972
1.99546
1.99127
1.9871
1.98289
1.9786
1.9742
1.96964
1.9649
1.95996
1.9548
1.94939
1.94372
1.93779
1.93157
1.92507
1.91828
1.91119
1.90381
1.89613
1.88815
1.87989
1.87133
1.86249
1.85338
1.84399
1.83434
1.82444
1.8143
1.80393
1.79333
1.78252
1.77151
1.76032
1.74896
1.73743
1.72576
1.71395
1.70203
1.69
1.67788
1.66568
1.65343
1.64112
1.62878
1.61643
1.60407
1.59172
1.57939
1.5671
1.55485
1.54267
1.53057
1.51855
1.50664
1.49483
1.48314
1.47159
1.46017
1.44891
1.4378
1.42686
1.41609
1.40549
1.39508
1.38486
1.37483
1.36499
1.35535
1.3459
1.33665
1.32759
1.31873
1.31006
1.30157
1.29326
1.28511
1.27712
2.76791
2.64038
2.54115
2.46214
2.39799
2.34508
2.3009
2.26366
2.23205
2.20507
2.18195
2.16207
2.14493
2.1301
2.11723
2.10603
2.09624
2.08764
2.08005
2.07329
2.06722
2.06171
2.05667
2.05198
2.04756
2.04333
2.03924
2.03521
2.03121
2.02717
2.02306
2.01885
2.0145
2.00999
2.00529
2.00038
1.99525
1.98988
1.98426
1.97838
1.97222
1.9658
1.95909
1.9521
1.94483
1.93727
1.92943
1.92132
1.91292
1.90426
1.89533
1.88615
1.87671
1.86703
1.85711
1.84697
1.83661
1.82605
1.81529
1.80434
1.79323
1.78195
1.77052
1.75896
1.74727
1.73546
1.72356
1.71157
1.6995
1.68737
1.67519
1.66297
1.65073
1.63847
1.62621
1.61396
1.60172
1.58952
1.57736
1.56525
1.5532
1.54122
1.52932
1.5175
1.50579
1.49417
1.48266
1.47126
1.45998
1.44882
1.43779
1.42689
1.41612
1.40548
1.39498
1.38461
1.37438
1.36428
1.35431
1.34446
1.33474
2.93557
2.80103
2.69245
2.60299
2.52831
2.46548
2.4123
2.36711
2.32857
2.29561
2.26735
2.24307
2.22214
2.20408
2.18844
2.17488
2.16307
2.15277
2.14373
2.13577
2.12871
2.1224
2.11672
2.11155
2.10679
2.10234
2.09814
2.0941
2.09018
2.08631
2.08245
2.07855
2.07458
2.0705
2.06629
2.06191
2.05734
2.05257
2.04758
2.04236
2.03688
2.03115
2.02515
2.01888
2.01233
2.0055
1.99838
1.99099
1.98331
1.97535
1.96711
1.9586
1.94982
1.94077
1.93147
1.92191
1.91211
1.90207
1.89181
1.88132
1.87062
1.85973
1.84864
1.83737
1.82594
1.81434
1.8026
1.79072
1.77872
1.7666
1.75437
1.74206
1.72966
1.7172
1.70467
1.6921
1.67949
1.66685
1.6542
1.64153
1.62887
1.61622
1.60359
1.59099
1.57843
1.5659
1.55343
1.54102
1.52867
1.51638
1.50417
1.49204
1.47998
1.46801
1.45613
1.44433
1.43262
1.42101
1.40949
1.39808
1.3868
3.17177
3.02111
2.89055
2.77949
2.68581
2.60699
2.54062
2.48459
2.43714
2.39682
2.36244
2.33303
2.30779
2.28607
2.26734
2.25114
2.2371
2.22489
2.21424
2.20492
2.19672
2.18947
2.18301
2.17722
2.17198
2.16717
2.16272
2.15854
2.15456
2.15071
2.14694
2.1432
2.13944
2.13563
2.13173
2.1277
2.12352
2.11917
2.11462
2.10986
2.10487
2.09963
2.09414
2.08838
2.08235
2.07604
2.06944
2.06255
2.05537
2.0479
2.04014
2.03208
2.02374
2.01511
2.0062
1.99701
1.98755
1.97782
1.96783
1.95759
1.94711
1.93639
1.92544
1.91427
1.90289
1.89131
1.87954
1.86758
1.85546
1.84317
1.83074
1.81817
1.80546
1.79264
1.77971
1.76667
1.75356
1.74036
1.7271
1.71378
1.70041
1.687
1.67356
1.6601
1.64662
1.63315
1.61967
1.60621
1.59276
1.57934
1.56594
1.55259
1.53927
1.52599
1.51276
1.49958
1.48645
1.47336
1.46031
1.44728
1.43426
3.6312
3.35502
3.14729
2.98723
2.86115
2.75994
2.6774
2.6092
2.55226
2.50432
2.4637
2.4291
2.39949
2.37407
2.35218
2.33328
2.31691
2.30272
2.29037
2.2796
2.27018
2.2619
2.25458
2.24808
2.24225
2.237
2.23219
2.22776
2.22361
2.21967
2.21588
2.21218
2.20851
2.20484
2.20112
2.19731
2.19338
2.18931
2.18506
2.18062
2.17596
2.17106
2.16592
2.16052
2.15484
2.14888
2.14263
2.13608
2.12924
2.12208
2.11462
2.10685
2.09878
2.09039
2.0817
2.07271
2.06342
2.05383
2.04395
2.03379
2.02335
2.01264
2.00166
1.99043
1.97895
1.96722
1.95527
1.94309
1.93071
1.91811
1.90533
1.89236
1.87922
1.86591
1.85245
1.83885
1.82511
1.81126
1.79729
1.78321
1.76905
1.7548
1.74048
1.7261
1.71166
1.69718
1.68265
1.6681
1.65354
1.63895
1.62437
1.60978
1.59521
1.58065
1.56611
1.5516
1.53711
1.52265
1.50822
1.49378
1.4793
3.86779
3.55298
3.32352
3.14867
3.01092
2.89973
2.8084
2.73241
2.66858
2.61458
2.56864
2.52938
2.49572
2.46676
2.4418
2.42023
2.40156
2.38536
2.37128
2.35903
2.34833
2.33895
2.33071
2.32344
2.31697
2.31118
2.30596
2.30119
2.29679
2.29268
2.28877
2.28502
2.28135
2.27772
2.27408
2.27039
2.2666
2.26269
2.25863
2.25439
2.24995
2.24528
2.24036
2.23519
2.22974
2.224
2.21797
2.21163
2.20498
2.19801
2.19072
2.1831
2.17515
2.16688
2.15827
2.14933
2.14007
2.13049
2.12058
2.11036
2.09983
2.08899
2.07785
2.06642
2.05471
2.04272
2.03045
2.01793
2.00515
1.99214
1.97888
1.96541
1.95172
1.93782
1.92373
1.90946
1.89501
1.8804
1.86564
1.85074
1.8357
1.82054
1.80528
1.78991
1.77445
1.7589
1.74329
1.72762
1.71189
1.69612
1.68031
1.66449
1.64864
1.63279
1.61694
1.60111
1.58532
1.56957
1.5539
1.53836
1.52302
3.80895
3.61358
3.43724
3.28303
3.15035
3.03708
2.94066
2.85861
2.78868
2.72897
2.67787
2.63402
2.59632
2.56383
2.53578
2.51152
2.49051
2.47228
2.45644
2.44266
2.43064
2.42013
2.41092
2.40281
2.39565
2.38928
2.38357
2.37841
2.37369
2.36933
2.36525
2.36137
2.35762
2.35396
2.35032
2.34665
2.34293
2.3391
2.33514
2.33101
2.32668
2.32214
2.31735
2.31231
2.30699
2.30137
2.29545
2.28922
2.28266
2.27576
2.26853
2.26095
2.25301
2.24473
2.2361
2.2271
2.21776
2.20806
2.19802
2.18762
2.17688
2.16581
2.1544
2.14266
2.13061
2.11823
2.10556
2.09258
2.07931
2.06577
2.05195
2.03787
2.02353
2.00896
1.99415
1.97912
1.96388
1.94843
1.9328
1.91699
1.90101
1.88488
1.8686
1.85218
1.83565
1.81899
1.80224
1.7854
1.76847
1.75148
1.73442
1.71731
1.70017
1.68299
1.6658
1.64859
1.63139
1.61422
1.59709
1.58004
1.56316
4.20455
3.92512
3.69084
3.49665
3.33582
3.20215
3.09047
2.99664
2.91738
2.85011
2.79276
2.74369
2.70156
2.66529
2.634
2.60694
2.58351
2.56318
2.54552
2.53016
2.51677
2.50508
2.49485
2.48587
2.47795
2.47094
2.4647
2.45909
2.45401
2.44935
2.44502
2.44096
2.43707
2.43331
2.4296
2.4259
2.42217
2.41835
2.41441
2.41031
2.40603
2.40154
2.3968
2.39181
2.38653
2.38095
2.37506
2.36884
2.36228
2.35537
2.34811
2.34047
2.33247
2.32408
2.31532
2.30618
2.29666
2.28676
2.27647
2.26581
2.25477
2.24337
2.23159
2.21945
2.20696
2.19412
2.18093
2.16741
2.15356
2.1394
2.12493
2.11016
2.09509
2.07975
2.06414
2.04828
2.03216
2.01582
1.99924
1.98246
1.96547
1.94829
1.93094
1.91342
1.89575
1.87794
1.86
1.84194
1.82377
1.80551
1.78716
1.76874
1.75026
1.73173
1.71315
1.69453
1.67588
1.65718
1.63841
1.61953
1.60044
4.90776
4.38545
4.02037
3.75147
3.5453
3.38239
3.25073
3.14252
3.05245
2.97673
2.91259
2.85794
2.81115
2.77093
2.73626
2.7063
2.68036
2.65786
2.63831
2.6213
2.60648
2.59356
2.58225
2.57234
2.56363
2.55594
2.54911
2.543
2.5375
2.53249
2.52788
2.52357
2.51949
2.51558
2.51175
2.50796
2.50416
2.50029
2.49631
2.4922
2.4879
2.48339
2.47864
2.47362
2.46832
2.46272
2.45678
2.45051
2.44388
2.43688
2.4295
2.42174
2.41358
2.40502
2.39606
2.38669
2.37691
2.36672
2.35612
2.34511
2.33369
2.32187
2.30964
2.29702
2.28401
2.27062
2.25684
2.2427
2.22819
2.21333
2.19813
2.18259
2.16672
2.15054
2.13406
2.11728
2.10023
2.0829
2.06532
2.0475
2.02944
2.01116
1.99267
1.974
1.95514
1.93611
1.91693
1.8976
1.87815
1.85858
1.83891
1.81915
1.79931
1.7794
1.75943
1.73942
1.71937
1.69928
1.67914
1.65894
1.63863
5.06919
4.58568
4.22387
3.94539
3.7261
3.55014
3.40674
3.28837
3.18963
3.10654
3.03612
2.9761
2.9247
2.88051
2.8424
2.80946
2.78093
2.75617
2.73465
2.71593
2.69962
2.68539
2.67295
2.66206
2.6525
2.64407
2.6366
2.62995
2.62399
2.61858
2.61363
2.60905
2.60473
2.60062
2.59663
2.5927
2.58878
2.58481
2.58075
2.57656
2.57219
2.56761
2.56279
2.55771
2.55233
2.54663
2.5406
2.5342
2.52744
2.52029
2.51275
2.50479
2.49642
2.48762
2.47839
2.46872
2.45862
2.44807
2.43708
2.42565
2.41378
2.40147
2.38873
2.37555
2.36195
2.34793
2.3335
2.31866
2.30342
2.28779
2.27178
2.25541
2.23867
2.22158
2.20416
2.1864
2.16834
2.14997
2.13132
2.11239
2.0932
2.07376
2.05408
2.03419
2.01408
1.99379
1.97332
1.95268
1.9319
1.91097
1.88993
1.86879
1.84755
1.82624
1.80487
1.78345
1.76201
1.74058
1.7192
1.69793
1.67692
5.13593
4.72974
4.39506
4.12186
3.89863
3.71522
3.5634
3.43676
3.33037
3.2404
3.16389
3.09852
3.04244
2.99417
2.9525
2.91644
2.88519
2.85806
2.83448
2.81395
2.79606
2.78045
2.76682
2.75488
2.74441
2.73519
2.72704
2.7198
2.71332
2.70748
2.70216
2.69725
2.69265
2.6883
2.6841
2.68
2.67592
2.67181
2.66763
2.66332
2.65883
2.65415
2.64921
2.64401
2.6385
2.63267
2.62648
2.61993
2.61298
2.60563
2.59786
2.58966
2.58101
2.57191
2.56236
2.55234
2.54185
2.53089
2.51945
2.50754
2.49515
2.4823
2.46897
2.45518
2.44092
2.42621
2.41105
2.39545
2.37942
2.36296
2.34608
2.3288
2.31113
2.29307
2.27464
2.25585
2.23671
2.21724
2.19745
2.17736
2.15697
2.13631
2.11539
2.09422
2.07282
2.0512
2.02938
2.00738
1.98522
1.96289
1.94044
1.91786
1.89518
1.87241
1.84958
1.82669
1.80378
1.78086
1.75795
1.7351
1.71231
5.62404
5.06933
4.6611
4.34749
4.09905
3.89787
3.73234
3.59454
3.47876
3.38079
3.29742
3.22613
3.16493
3.11223
3.06671
3.02732
2.99317
2.96351
2.93772
2.91527
2.8957
2.87864
2.86373
2.85068
2.83924
2.82918
2.8203
2.81242
2.80539
2.79907
2.79333
2.78806
2.78315
2.77852
2.77409
2.76977
2.7655
2.76122
2.75687
2.75241
2.74777
2.74294
2.73785
2.73249
2.72682
2.72081
2.71443
2.70767
2.7005
2.6929
2.68486
2.67636
2.6674
2.65796
2.64803
2.6376
2.62667
2.61524
2.60331
2.59086
2.57791
2.56445
2.55048
2.53601
2.52105
2.50559
2.48965
2.47322
2.45633
2.43898
2.42118
2.40293
2.38426
2.36516
2.34567
2.32578
2.30551
2.28487
2.26389
2.24257
2.22093
2.19899
2.17676
2.15426
2.13151
2.10852
2.0853
2.06189
2.03828
2.01451
1.99058
1.96652
1.94235
1.91807
1.89371
1.86929
1.84482
1.82032
1.79579
1.77123
1.74658
6.0651
5.41886
4.95369
4.60079
4.32324
4.09958
3.91624
3.76408
3.63658
3.52893
3.43749
3.3594
3.29244
3.23483
3.18511
3.14209
3.10481
3.07244
3.0443
3.0198
2.99846
2.97984
2.96357
2.94935
2.93688
2.92592
2.91626
2.9077
2.90008
2.89324
2.88705
2.88139
2.87613
2.8712
2.86649
2.86193
2.85744
2.85296
2.84842
2.84377
2.83896
2.83394
2.82867
2.82312
2.81725
2.81103
2.80443
2.79742
2.78999
2.78211
2.77376
2.76493
2.75561
2.74577
2.73543
2.72455
2.71314
2.7012
2.68872
2.67569
2.66212
2.648
2.63334
2.61815
2.60242
2.58616
2.56938
2.55208
2.53428
2.51597
2.49718
2.47792
2.45819
2.438
2.41738
2.39633
2.37487
2.35301
2.33078
2.30818
2.28523
2.26195
2.23836
2.21447
2.19031
2.16588
2.14122
2.11633
2.09123
2.06596
2.04051
2.01492
1.9892
1.96336
1.93744
1.91143
1.88537
1.85927
1.83315
1.80706
1.78106
6.35071
5.74296
5.26147
4.87741
4.56882
4.31862
4.11377
3.9444
3.8031
3.68429
3.5837
3.49804
3.42475
3.36179
3.30752
3.26061
3.21999
3.18473
3.15409
3.12743
3.1042
3.08395
3.06625
3.05078
3.03723
3.02532
3.01484
3.00556
2.9973
2.98991
2.98324
2.97715
2.97152
2.96625
2.96125
2.95641
2.95168
2.94696
2.94221
2.93735
2.93233
2.92711
2.92164
2.91587
2.90977
2.90331
2.89645
2.88918
2.88145
2.87325
2.86456
2.85537
2.84565
2.8354
2.82459
2.81323
2.8013
2.78881
2.77573
2.76208
2.74784
2.73303
2.71763
2.70166
2.68512
2.66801
2.65034
2.63211
2.61334
2.59404
2.57421
2.55387
2.53302
2.51169
2.48988
2.46762
2.44491
2.42177
2.39823
2.37429
2.34997
2.3253
2.30029
2.27495
2.24932
2.22341
2.19724
2.17082
2.14419
2.11735
2.09034
2.06316
2.03585
2.00841
1.98087
1.95324
1.92554
1.89778
1.86998
1.84215
1.81438
7.07784
6.27462
5.66513
5.19962
4.83796
4.5516
4.32088
4.13217
3.9759
3.84517
3.7349
3.64125
3.56128
3.49269
3.43364
3.38265
3.33851
3.30023
3.26697
3.23803
3.21283
3.19085
3.17166
3.15489
3.14019
3.12729
3.11593
3.10589
3.09697
3.089
3.08181
3.07526
3.06924
3.06361
3.05828
3.05316
3.04815
3.04319
3.0382
3.03311
3.02786
3.02242
3.01671
3.01071
3.00436
2.99764
2.9905
2.98293
2.97488
2.96634
2.95729
2.9477
2.93755
2.92684
2.91555
2.90367
2.89119
2.8781
2.8644
2.85008
2.83514
2.81959
2.80341
2.78662
2.76922
2.75121
2.73261
2.7134
2.69362
2.67326
2.65234
2.63087
2.60885
2.58632
2.56328
2.53974
2.51573
2.49125
2.46634
2.441
2.41526
2.38913
2.36264
2.33581
2.30866
2.2812
2.25346
2.22547
2.19724
2.16879
2.14015
2.11135
2.08239
2.05331
2.02412
1.99484
1.96549
1.93607
1.90655
1.87687
1.84683
8.03512
6.83634
6.05753
5.50902
5.09986
4.78227
4.52882
4.32252
4.15214
4.00985
3.88998
3.78828
3.70152
3.62716
3.56318
3.50796
3.46019
3.41876
3.38278
3.35148
3.32423
3.30046
3.27971
3.26157
3.24568
3.23174
3.21947
3.20863
3.19902
3.19043
3.1827
3.17567
3.16922
3.16322
3.15755
3.15211
3.14682
3.14159
3.13634
3.131
3.12552
3.11982
3.11387
3.10761
3.101
3.094
3.08656
3.07867
3.07028
3.06138
3.05193
3.04192
3.03133
3.02014
3.00833
2.9959
2.98284
2.96912
2.95476
2.93974
2.92407
2.90773
2.89074
2.87309
2.85479
2.83584
2.81625
2.79602
2.77518
2.75371
2.73165
2.709
2.68577
2.66198
2.63764
2.61278
2.5874
2.56154
2.5352
2.50841
2.48118
2.45354
2.42552
2.39713
2.36839
2.33933
2.30997
2.28034
2.25045
2.22034
2.19003
2.15954
2.12889
2.09812
2.06724
2.03628
2.00528
1.97426
1.94327
1.91233
1.88145
7.93714
6.98001
6.28258
5.75182
5.33636
5.00458
4.73555
4.51465
4.33138
4.17798
4.04863
3.93887
3.84522
3.76498
3.69595
3.6364
3.58487
3.54021
3.50141
3.46767
3.43829
3.41266
3.39029
3.37074
3.35361
3.33859
3.32537
3.31371
3.30336
3.29413
3.28583
3.27831
3.27141
3.26501
3.25898
3.25322
3.24763
3.24211
3.23659
3.231
3.22526
3.21931
3.21309
3.20656
3.19967
3.19237
3.18463
3.1764
3.16766
3.15837
3.14851
3.13806
3.127
3.11531
3.10296
3.08995
3.07627
3.06191
3.04686
3.03111
3.01466
2.99751
2.97966
2.96112
2.94187
2.92194
2.90133
2.88003
2.85808
2.83547
2.81221
2.78833
2.76383
2.73873
2.71305
2.68681
2.66002
2.6327
2.60488
2.57657
2.54781
2.5186
2.48898
2.45897
2.42859
2.39787
2.36683
2.3355
2.30391
2.27207
2.24002
2.20779
2.17539
2.14287
2.11024
2.07753
2.0448
2.01208
1.97949
1.94721
1.91567
7.93648
7.2088
6.56311
6.02776
5.59253
5.23915
4.95056
4.71294
4.51562
4.35045
4.21122
4.09311
3.99238
3.90609
3.83188
3.76786
3.71248
3.66448
3.62279
3.58652
3.55494
3.52739
3.50335
3.48233
3.46392
3.44778
3.43358
3.42105
3.40994
3.40005
3.39116
3.38312
3.37576
3.36895
3.36255
3.35644
3.35054
3.34473
3.33893
3.33306
3.32705
3.32084
3.31435
3.30755
3.30036
3.29276
3.28468
3.27611
3.267
3.25732
3.24704
3.23613
3.22458
3.21236
3.19945
3.18585
3.17153
3.15649
3.14072
3.12422
3.10697
3.08897
3.07023
3.05075
3.03053
3.00958
2.9879
2.9655
2.94239
2.91858
2.89409
2.86893
2.84311
2.81665
2.78957
2.76189
2.73363
2.70481
2.67545
2.64557
2.61521
2.58437
2.5531
2.5214
2.48932
2.45688
2.4241
2.39102
2.35765
2.32403
2.29019
2.25615
2.22195
2.1876
2.15315
2.1186
2.084
2.04935
2.01467
1.97995
1.94517
9.3214
7.98643
7.06853
6.40034
5.893
5.49588
5.17801
4.91921
4.7057
4.52767
4.37793
4.25109
4.14301
4.05048
3.97092
3.90231
3.84296
3.79151
3.74683
3.70796
3.67411
3.64458
3.61881
3.59627
3.57654
3.55923
3.54401
3.53059
3.5187
3.50812
3.49863
3.49005
3.48221
3.47497
3.46819
3.46173
3.4555
3.44939
3.44331
3.43716
3.43088
3.4244
3.41763
3.41054
3.40306
3.39514
3.38673
3.37781
3.36831
3.35823
3.34751
3.33613
3.32408
3.31132
3.29784
3.28362
3.26865
3.25291
3.2364
3.2191
3.20102
3.18216
3.1625
3.14205
3.12082
3.09881
3.07602
3.05247
3.02817
3.00312
2.97734
2.95085
2.92366
2.89579
2.86727
2.8381
2.80831
2.77792
2.74697
2.71546
2.68344
2.65091
2.61792
2.58449
2.55065
2.51642
2.48184
2.44693
2.41174
2.37627
2.34058
2.30468
2.2686
2.23239
2.19605
2.15962
2.12312
2.08652
2.0498
2.01277
1.97499
10.3857
8.63987
7.53146
6.76141
6.19306
5.75595
5.40987
5.13005
4.90018
4.70903
4.54853
4.41273
4.29709
4.19813
4.11307
4.03971
3.97627
3.92127
3.8735
3.83195
3.79575
3.76417
3.73661
3.7125
3.6914
3.6729
3.65663
3.64229
3.62959
3.61829
3.60818
3.59905
3.59072
3.58304
3.57586
3.56905
3.56249
3.55608
3.5497
3.54328
3.53672
3.52996
3.52292
3.51553
3.50775
3.49951
3.49077
3.48148
3.47161
3.46111
3.44994
3.43809
3.42552
3.41221
3.39814
3.38329
3.36764
3.35119
3.33392
3.31581
3.29688
3.27711
3.2565
3.23506
3.21278
3.18967
3.16575
3.14101
3.11546
3.08913
3.06203
3.03416
3.00556
2.97623
2.94619
2.91548
2.88411
2.85211
2.8195
2.7863
2.75256
2.71829
2.68352
2.64828
2.61261
2.57654
2.54009
2.5033
2.46621
2.42884
2.39123
2.3534
2.3154
2.27726
2.239
2.20067
2.16229
2.12388
2.08551
2.04723
2.00922
10.1997
8.84044
7.82268
7.05642
6.46878
6.00866
5.6414
5.34339
5.09822
4.89424
4.72296
4.57804
4.45465
4.34906
4.25832
4.18007
4.11239
4.05372
4.00276
3.95843
3.9198
3.88611
3.8567
3.83098
3.80846
3.78872
3.77137
3.75607
3.74255
3.73052
3.71976
3.71007
3.70124
3.69311
3.68553
3.67836
3.67147
3.66474
3.65808
3.65137
3.64454
3.6375
3.63018
3.62251
3.61443
3.60587
3.5968
3.58715
3.57688
3.56596
3.55435
3.54202
3.52893
3.51506
3.50039
3.48489
3.46856
3.45137
3.43331
3.41438
3.39457
3.37388
3.35229
3.32982
3.30647
3.28223
3.25713
3.23116
3.20434
3.17669
3.14821
3.11892
3.08885
3.058
3.02642
2.99411
2.9611
2.92742
2.89309
2.85815
2.82262
2.78654
2.74993
2.71283
2.67527
2.63728
2.5989
2.56017
2.52111
2.48177
2.44217
2.40237
2.36238
2.32225
2.28201
2.24171
2.20139
2.16111
2.12096
2.08111
2.04193
10.6744
9.2218
8.16245
7.36549
6.75076
6.26645
5.87802
5.56178
5.30112
5.084
4.9016
4.74723
4.61581
4.50335
4.40671
4.32338
4.25131
4.18883
4.13457
4.08735
4.04622
4.01035
3.97902
3.95163
3.92766
3.90664
3.88817
3.8719
3.85752
3.84475
3.83334
3.82306
3.81372
3.80515
3.79716
3.78963
3.7824
3.77537
3.76841
3.76143
3.75432
3.74701
3.73942
3.73146
3.72308
3.71422
3.7048
3.6948
3.68415
3.67281
3.66075
3.64793
3.63431
3.61988
3.6046
3.58845
3.57142
3.55348
3.53463
3.51485
3.49415
3.4725
3.44992
3.42639
3.40193
3.37654
3.35022
3.32299
3.29485
3.26583
3.23593
3.20518
3.17359
3.14118
3.10799
3.07403
3.03932
3.00391
2.96781
2.93106
2.89369
2.85573
2.81721
2.77818
2.73866
2.6987
2.65832
2.61757
2.57648
2.5351
2.49346
2.45159
2.40955
2.36736
2.32507
2.28271
2.24034
2.198
2.15573
2.11353
2.07128
11.6791
9.82496
8.60077
7.72302
7.05949
6.54075
6.12588
5.78851
5.51059
5.27922
5.08493
4.92057
4.78069
4.66104
4.55824
4.46962
4.39299
4.32656
4.26887
4.21868
4.17496
4.13682
4.10352
4.07441
4.04894
4.0266
4.00699
3.98972
3.97446
3.96093
3.94884
3.93798
3.92813
3.9191
3.91071
3.90281
3.89525
3.88792
3.88067
3.87342
3.86605
3.85848
3.85061
3.84238
3.83371
3.82454
3.8148
3.80444
3.7934
3.78166
3.76915
3.75584
3.7417
3.7267
3.7108
3.694
3.67626
3.65756
3.63791
3.61727
3.59565
3.57303
3.54943
3.52482
3.49923
3.47264
3.44508
3.41655
3.38706
3.35663
3.32527
3.293
3.25985
3.22583
3.19097
3.1553
3.11885
3.08164
3.0437
3.00508
2.9658
2.9259
2.88541
2.84438
2.80284
2.76083
2.71838
2.67555
2.63236
2.58887
2.54511
2.50112
2.45694
2.41262
2.3682
2.32371
2.2792
2.23471
2.19026
2.14588
2.10154
12.1948
10.3327
9.05001
8.10902
7.39263
6.8328
6.38637
6.0245
5.72718
5.48019
5.27309
5.09811
4.94931
4.82211
4.71289
4.61876
4.53739
4.46687
4.40563
4.35236
4.30596
4.26549
4.23015
4.19927
4.17224
4.14856
4.12777
4.10947
4.09332
4.079
4.06624
4.05479
4.04441
4.03492
4.02613
4.01787
4.00999
4.00236
3.99484
3.98732
3.9797
3.97187
3.96375
3.95526
3.94631
3.93684
3.92678
3.91608
3.90467
3.89252
3.87956
3.86578
3.85111
3.83555
3.81904
3.80157
3.78312
3.76366
3.74318
3.72167
3.69912
3.67552
3.65087
3.62516
3.59841
3.57061
3.54177
3.5119
3.48102
3.44913
3.41627
3.38244
3.34768
3.31199
3.27542
3.23799
3.19972
3.16066
3.12083
3.08027
3.03902
2.99711
2.95459
2.91148
2.86785
2.82371
2.77913
2.73414
2.68879
2.64311
2.59716
2.55097
2.5046
2.45808
2.41146
2.36477
2.31805
2.27135
2.22469
2.17818
2.13209
12.7976
10.958
9.57103
8.53495
7.74892
7.13956
6.65716
6.26828
5.95004
5.6864
5.46578
5.27964
5.12153
4.98647
4.87056
4.77072
4.68444
4.60968
4.54477
4.48832
4.43915
4.39627
4.35884
4.32613
4.29751
4.27244
4.25045
4.2311
4.21404
4.19893
4.18548
4.17343
4.16253
4.15259
4.1434
4.13478
4.12659
4.11867
4.11088
4.10312
4.09525
4.08719
4.07883
4.07008
4.06087
4.05112
4.04076
4.02972
4.01796
4.00541
3.99202
3.97776
3.96258
3.94645
3.92933
3.9112
3.89204
3.87181
3.85051
3.82811
3.80462
3.78001
3.7543
3.72747
3.69953
3.67048
3.64033
3.6091
3.57679
3.54341
3.509
3.47357
3.43714
3.39974
3.3614
3.32215
3.28202
3.24104
3.19925
3.15669
3.1134
3.06941
3.02478
2.97954
2.93373
2.88741
2.84061
2.79339
2.74579
2.69786
2.64964
2.60119
2.55255
2.50376
2.45487
2.40593
2.35696
2.30799
2.25901
2.20995
2.16064
14.6427
11.9091
10.1743
8.98231
8.11316
7.45188
6.93319
6.51712
6.17767
5.89701
5.6625
5.46487
5.29714
5.15396
5.03115
4.9254
4.83405
4.75492
4.68623
4.62649
4.57447
4.52912
4.48953
4.45494
4.42469
4.3982
4.37497
4.35456
4.33657
4.32065
4.30651
4.29386
4.28244
4.27205
4.26247
4.25351
4.24501
4.23682
4.22878
4.22078
4.2127
4.20441
4.19583
4.18685
4.1774
4.16738
4.15673
4.14538
4.13327
4.12034
4.10654
4.09182
4.07613
4.05945
4.04173
4.02294
4.00305
3.98206
3.95992
3.93664
3.91219
3.88657
3.85978
3.8318
3.80265
3.77233
3.74085
3.70821
3.67443
3.63953
3.60353
3.56645
3.52831
3.48914
3.44898
3.40785
3.36579
3.32283
3.27902
3.23439
3.18899
3.14286
3.09604
3.04859
3.00054
2.95195
2.90286
2.85334
2.80342
2.75315
2.7026
2.6518
2.60081
2.54969
2.49848
2.44722
2.39598
2.34478
2.29364
2.24245
2.19065
15.5348
12.4718
10.629
9.37577
8.45992
7.76058
7.21078
6.76934
6.40916
6.11149
5.86291
5.65354
5.47595
5.32443
5.19453
5.08271
4.98614
4.9025
4.82992
4.76681
4.71186
4.66395
4.62215
4.58564
4.55371
4.52577
4.50128
4.47978
4.46085
4.44413
4.42928
4.41603
4.4041
4.39326
4.3833
4.37401
4.36523
4.35678
4.34852
4.3403
4.33201
4.32353
4.31475
4.30556
4.29588
4.28563
4.27472
4.26308
4.25064
4.23735
4.22315
4.20798
4.1918
4.17457
4.15625
4.13681
4.11622
4.09445
4.07148
4.0473
4.02189
3.99525
3.96736
3.93822
3.90784
3.87623
3.84337
3.8093
3.77402
3.73756
3.69992
3.66114
3.62125
3.58026
3.53822
3.49515
3.4511
3.40611
3.3602
3.31344
3.26586
3.21751
3.16843
3.11869
3.06832
3.01739
2.96593
2.91402
2.8617
2.80902
2.75605
2.70283
2.64942
2.59588
2.54227
2.48863
2.43504
2.38159
2.32842
2.27583
2.22455
14.6036
12.5614
10.9621
9.74072
8.80296
8.07202
7.49258
7.02591
6.6448
6.32984
6.0669
5.84554
5.65786
5.4978
5.36061
5.24255
5.14062
5.05236
4.97577
4.90919
4.85123
4.80071
4.75664
4.71815
4.68452
4.6551
4.62932
4.60671
4.58683
4.56929
4.55375
4.5399
4.52746
4.51619
4.50586
4.49626
4.48721
4.47852
4.47005
4.46165
4.45319
4.44453
4.43558
4.42621
4.41634
4.40587
4.39472
4.38281
4.37008
4.35645
4.34186
4.32627
4.30961
4.29186
4.27295
4.25287
4.23157
4.20904
4.18524
4.16016
4.13379
4.10611
4.07711
4.0468
4.01517
3.98223
3.94799
3.91245
3.87563
3.83756
3.79825
3.75773
3.71603
3.67317
3.62919
3.58413
3.53803
3.49093
3.44286
3.39389
3.34406
3.29341
3.24201
3.18989
3.13713
3.08377
3.02986
2.97548
2.92068
2.86551
2.81003
2.75431
2.6984
2.64236
2.58625
2.53013
2.47406
2.41813
2.36245
2.30731
2.25353
15.6973
13.3123
11.5215
10.1885
9.1795
8.39913
7.78325
7.28853
6.8852
6.55223
6.2745
6.04083
5.8428
5.67397
5.52931
5.40486
5.29742
5.20441
5.12372
5.05358
4.99253
4.93933
4.89292
4.85242
4.81704
4.7861
4.75903
4.7353
4.71445
4.69609
4.67985
4.66541
4.65248
4.64079
4.63011
4.62022
4.61092
4.60203
4.59338
4.58482
4.57621
4.56741
4.55831
4.5488
4.53876
4.52811
4.51675
4.50461
4.4916
4.47766
4.46272
4.44672
4.42962
4.41135
4.39188
4.37117
4.34918
4.32588
4.30126
4.27528
4.24794
4.21921
4.1891
4.1576
4.1247
4.09042
4.05475
4.01772
3.97934
3.93962
3.8986
3.85629
3.81272
3.76794
3.72197
3.67486
3.62664
3.57736
3.52707
3.47582
3.42366
3.37064
3.31682
3.26226
3.20701
3.15114
3.0947
3.03777
2.98039
2.92264
2.86458
2.80626
2.74776
2.68914
2.63045
2.57175
2.5131
2.4545
2.39593
2.33714
2.27724
18.5894
14.5804
12.2467
10.6963
9.58116
8.73892
8.08173
7.55685
7.13022
6.77864
6.48568
6.23936
6.03072
5.8529
5.70058
5.56956
5.45647
5.35859
5.27368
5.19989
5.13567
5.07972
5.03094
4.98837
4.95121
4.91873
4.89034
4.86547
4.84366
4.82448
4.80755
4.79253
4.77911
4.76702
4.75601
4.74585
4.73633
4.72726
4.71847
4.70978
4.70106
4.69216
4.68295
4.67332
4.66316
4.65236
4.64084
4.62849
4.61524
4.60102
4.58575
4.56938
4.55184
4.53309
4.51307
4.49175
4.46908
4.44504
4.4196
4.39273
4.36441
4.33464
4.30341
4.2707
4.23652
4.20087
4.16376
4.1252
4.08522
4.04382
4.00103
3.95689
3.91142
3.86465
3.81664
3.7674
3.717
3.66548
3.6129
3.55929
3.50472
3.44925
3.39294
3.33584
3.27803
3.21956
3.1605
3.10092
3.04089
2.98046
2.91972
2.85873
2.79756
2.73626
2.67491
2.61358
2.5523
2.49111
2.42999
2.36876
2.30678
19.053
15.1988
12.7924
11.1551
9.97183
9.07897
8.38368
7.82936
7.37938
7.00889
6.70038
6.44111
6.22158
6.03453
5.87435
5.73659
5.61771
5.51482
5.42559
5.34805
5.28059
5.22183
5.17061
5.12594
5.08695
5.05292
5.02318
4.99717
4.97439
4.95439
4.93677
4.92118
4.9073
4.89484
4.88353
4.87313
4.86342
4.8542
4.8453
4.83652
4.82773
4.81876
4.80949
4.79979
4.78954
4.77864
4.76698
4.75447
4.74102
4.72655
4.711
4.69428
4.67635
4.65713
4.63659
4.61468
4.59135
4.56658
4.54032
4.51257
4.48329
4.45247
4.4201
4.38618
4.3507
4.31367
4.27509
4.23498
4.19336
4.15024
4.10566
4.05963
4.0122
3.9634
3.91327
3.86186
3.80921
3.75538
3.70041
3.64438
3.58732
3.52932
3.47042
3.41071
3.35024
3.28908
3.22731
3.16499
3.1022
3.03902
2.97551
2.91174
2.8478
2.78375
2.71966
2.65561
2.59167
2.52792
2.4645
2.40169
2.34048
18.6939
15.513
13.2259
11.575
10.3516
9.41851
8.68875
8.10598
7.63269
7.24303
6.91862
6.64608
6.41536
6.21884
6.05057
5.90589
5.78106
5.67304
5.57937
5.49799
5.4272
5.36556
5.31186
5.26504
5.2242
5.18858
5.15749
5.13033
5.10658
5.08576
5.06748
5.05134
5.03701
5.02419
5.01261
5.002
4.99215
4.98283
4.97385
4.96503
4.9562
4.94722
4.93793
4.92821
4.91792
4.90696
4.89521
4.88258
4.86897
4.8543
4.83849
4.82147
4.80317
4.78353
4.7625
4.74002
4.71605
4.69056
4.66351
4.63488
4.60464
4.57277
4.53927
4.50412
4.46733
4.4289
4.38883
4.34714
4.30385
4.25898
4.21255
4.1646
4.11516
4.06426
4.01197
3.95831
3.90335
3.84713
3.78971
3.73116
3.67154
3.61091
3.54935
3.48692
3.4237
3.35976
3.29518
3.23003
3.16439
3.09834
3.03197
2.96533
2.89853
2.83162
2.7647
2.69784
2.63113
2.56466
2.49858
2.43308
2.3685
20.1825
16.2652
13.7691
12.0275
10.7452
9.76684
9.00061
8.38824
7.89081
7.48133
7.14052
6.85428
6.61205
6.40577
6.22919
6.0774
5.94645
5.83316
5.73494
5.64963
5.57543
5.51085
5.45461
5.4056
5.36288
5.32565
5.29319
5.26488
5.24016
5.21854
5.1996
5.18293
5.16819
5.15505
5.14322
5.13245
5.12248
5.1131
5.1041
5.09528
5.08648
5.07753
5.06827
5.05857
5.0483
5.03733
5.02554
5.01284
4.99912
4.9843
4.96828
4.951
4.93237
4.91234
4.89084
4.86783
4.84325
4.81707
4.78924
4.75974
4.72855
4.69564
4.661
4.62463
4.58651
4.54666
4.50508
4.46179
4.4168
4.37013
4.32182
4.27189
4.22039
4.16735
4.11282
4.05685
3.9995
3.94082
3.88087
3.81973
3.75745
3.69412
3.62979
3.56456
3.49849
3.43166
3.36417
3.29609
3.2275
3.15849
3.08914
3.01954
2.94977
2.87991
2.81005
2.74027
2.67065
2.60128
2.53224
2.46353
2.39478
21.4989
17.0866
14.3809
12.5229
11.1637
10.1301
9.32217
8.67746
8.15432
7.72403
7.36615
7.06572
6.8116
6.59526
6.41014
6.25103
6.1138
5.99511
5.89222
5.80287
5.7252
5.65761
5.59877
5.54754
5.50292
5.46406
5.43022
5.40075
5.37507
5.35266
5.33308
5.31591
5.30078
5.28735
5.27533
5.26443
5.2544
5.24501
5.23603
5.22727
5.21855
5.20968
5.20052
5.1909
5.1807
5.16978
5.15801
5.1453
5.13152
5.11659
5.10042
5.08291
5.06401
5.04362
5.0217
4.99819
4.97302
4.94617
4.91759
4.88724
4.85511
4.82116
4.78539
4.74779
4.70834
4.66706
4.62395
4.57903
4.5323
4.48381
4.43357
4.38162
4.328
4.27275
4.21593
4.15758
4.09777
4.03655
3.97399
3.91017
3.84515
3.77901
3.71183
3.64368
3.57467
3.50486
3.43435
3.36323
3.29158
3.2195
3.14708
3.0744
3.00156
2.92864
2.85573
2.78292
2.71028
2.6379
2.56585
2.49424
2.4234
21.9064
17.8197
15.0309
13.0552
11.6058
10.5078
9.65333
8.97355
8.42313
7.97106
7.59542
7.28032
7.01393
6.78724
6.59332
6.4267
6.28302
6.15878
6.05111
5.95765
5.87641
5.80575
5.74427
5.69077
5.64421
5.60372
5.56849
5.53787
5.51123
5.48806
5.46786
5.45021
5.43473
5.42106
5.40888
5.39791
5.38787
5.37852
5.36963
5.36099
5.3524
5.34369
5.33467
5.32521
5.31514
5.30432
5.29264
5.27997
5.2662
5.25122
5.23495
5.21728
5.19814
5.17745
5.15515
5.13117
5.10546
5.07797
5.04865
5.01748
4.98442
4.94945
4.91255
4.87371
4.83293
4.7902
4.74554
4.69896
4.65048
4.60012
4.54791
4.49389
4.4381
4.38059
4.32141
4.26061
4.19826
4.13442
4.06917
4.00258
3.93472
3.86568
3.79554
3.72439
3.65232
3.57942
3.50579
3.43151
3.3567
3.28143
3.20582
3.12996
3.05393
2.97785
2.90179
2.82585
2.75011
2.67463
2.59945
2.52462
2.45049
23.766
18.9612
15.7911
13.6217
12.0627
10.8948
9.99145
9.27528
8.69665
8.22208
7.82814
7.49794
7.21892
6.98159
6.77864
6.60431
6.45402
6.3241
6.21153
6.11384
6.02897
5.95518
5.89101
5.83521
5.78669
5.74454
5.70793
5.67616
5.64859
5.62466
5.60387
5.58579
5.56999
5.55612
5.54384
5.53285
5.52286
5.51361
5.50487
5.49641
5.48803
5.47954
5.47075
5.4615
5.45163
5.441
5.42947
5.41691
5.40321
5.38825
5.37193
5.35415
5.33484
5.3139
5.29126
5.26686
5.24064
5.21254
5.18253
5.15055
5.11658
5.0806
5.04258
5.00251
4.96038
4.91621
4.86998
4.82172
4.77145
4.71918
4.66497
4.60883
4.55082
4.49098
4.42937
4.36605
4.30109
4.23455
4.16652
4.09706
4.02627
3.95422
3.88102
3.80676
3.73152
3.65542
3.57855
3.50101
3.4229
3.34434
3.26542
3.18625
3.10694
3.02757
2.94826
2.86909
2.79017
2.71155
2.63325
2.55504
2.47579
26.8513
20.1687
16.5165
14.1693
12.5152
11.2838
10.3335
9.58132
8.97421
8.47672
8.06408
7.71839
7.42643
7.1782
6.96598
6.78375
6.62669
6.49095
6.37337
6.27136
6.18278
6.1058
6.03889
5.98076
5.93027
5.88645
5.84845
5.81554
5.78705
5.7624
5.74106
5.72257
5.70651
5.6925
5.68017
5.66921
5.65934
5.65026
5.64174
5.63354
5.62544
5.61724
5.60875
5.59979
5.59021
5.57983
5.56853
5.55616
5.5426
5.52772
5.51143
5.49361
5.47417
5.45304
5.43012
5.40535
5.37866
5.35
5.31932
5.28657
5.25171
5.21473
5.1756
5.13431
5.09084
5.0452
4.99739
4.94743
4.89534
4.84114
4.78487
4.72656
4.66627
4.60405
4.53994
4.47403
4.40637
4.33705
4.26614
4.19372
4.1199
4.04475
3.96838
3.89088
3.81237
3.73294
3.65271
3.57178
3.49027
3.40828
3.32594
3.24334
3.16061
3.07785
2.99516
2.91267
2.83047
2.7487
2.66748
2.58698
2.50711
26.0828
20.4872
17.0277
14.6659
12.958
11.6737
10.6793
9.89135
9.25554
8.73478
8.30304
7.94153
7.63633
7.37692
7.15523
6.9649
6.80091
6.65921
6.53651
6.4301
6.33773
6.2575
6.18782
6.12732
6.07483
6.02934
5.98997
5.95593
5.92654
5.9012
5.87935
5.86051
5.84424
5.83013
5.81782
5.80697
5.79727
5.78845
5.78022
5.77236
5.76462
5.7568
5.74869
5.74012
5.73089
5.72086
5.70987
5.69776
5.68442
5.6697
5.65351
5.63572
5.61623
5.59496
5.57182
5.54673
5.51963
5.49045
5.45913
5.42564
5.38993
5.35198
5.31175
5.26923
5.22442
5.17731
5.12791
5.07623
5.02229
4.96612
4.90775
4.84723
4.78461
4.71993
4.65326
4.58468
4.51425
4.44205
4.36817
4.29269
4.21572
4.13736
4.0577
3.97686
3.89495
3.81207
3.72836
3.64391
3.55886
3.47333
3.38742
3.30127
3.21499
3.12871
3.04253
2.95658
2.87097
2.78587
2.70151
2.61857
2.53931
25.054
20.8767
17.5945
15.1902
13.4148
12.0719
11.0308
10.206
9.54073
8.99616
8.54491
8.16722
7.84848
7.57765
7.34625
7.14765
6.97657
6.82878
6.70085
6.58994
6.49371
6.41017
6.33767
6.27479
6.22029
6.17313
6.13238
6.09724
6.06699
6.04099
6.01867
5.99953
5.9831
5.96897
5.95674
5.94608
5.93664
5.92815
5.9203
5.91286
5.90558
5.89822
5.89059
5.88249
5.87372
5.86412
5.85352
5.84177
5.82873
5.81427
5.79825
5.78056
5.7611
5.73977
5.71647
5.69112
5.66366
5.634
5.6021
5.5679
5.53137
5.49246
5.45115
5.40743
5.36127
5.31269
5.26168
5.20826
5.15245
5.09427
5.03377
4.97098
4.90597
4.83877
4.76948
4.69814
4.62485
4.54968
4.47273
4.39409
4.31388
4.23218
4.14912
4.06481
3.97937
3.89291
3.80558
3.71748
3.62876
3.53954
3.44994
3.3601
3.27014
3.1802
3.09039
3.00084
2.91166
2.82296
2.73484
2.64737
2.56059
29.0152
22.425
18.4546
15.7982
13.9
12.4824
11.3892
10.5255
9.82981
9.2608
8.78959
8.39536
8.06277
7.78026
7.53894
7.33187
7.15354
6.99953
6.86626
6.75077
6.6506
6.56371
6.48836
6.42306
6.36654
6.31771
6.27561
6.23938
6.2083
6.18168
6.15895
6.13957
6.12306
6.10897
6.09691
6.0865
6.07742
6.06934
6.06197
6.05505
6.04831
6.04153
6.03447
6.02693
6.01872
6.00965
5.99955
5.98825
5.97561
5.96148
5.94573
5.92823
5.90887
5.88755
5.86416
5.83863
5.81086
5.78079
5.74835
5.71349
5.67616
5.63633
5.59396
5.54904
5.50155
5.4515
5.39887
5.34369
5.28598
5.22576
5.16308
5.09798
5.03051
4.96074
4.88873
4.81457
4.73832
4.66009
4.57997
4.49807
4.41448
4.32934
4.24275
4.15484
4.06573
3.97557
3.88447
3.79259
3.70005
3.60699
3.51355
3.41988
3.3261
3.23236
3.13879
3.0455
2.95262
2.86022
2.76827
2.67626
2.58188
32.4454
23.8793
19.313
16.4159
14.3937
12.8995
11.753
10.8494
10.1226
9.5286
9.03697
8.62583
8.27909
7.98463
7.73316
7.51743
7.3317
7.17134
7.03262
6.91245
6.80829
6.71799
6.63974
6.57201
6.51348
6.46299
6.41954
6.38227
6.35039
6.32321
6.30012
6.28057
6.26404
6.25007
6.23826
6.22821
6.21957
6.21201
6.20522
6.19891
6.19283
6.18672
6.18035
6.17349
6.16594
6.15751
6.14801
6.13727
6.12512
6.11143
6.09604
6.07882
6.05965
6.03842
6.01503
5.98937
5.96137
5.93094
5.89801
5.86254
5.82446
5.78374
5.74034
5.69424
5.64543
5.59389
5.53964
5.48269
5.42305
5.36076
5.29586
5.22839
5.15842
5.086
5.01121
4.93412
4.85484
4.77344
4.69005
4.60476
4.51769
4.42897
4.33872
4.24707
4.15416
4.06014
3.96514
3.86931
3.7728
3.67576
3.57834
3.48068
3.38294
3.28525
3.18777
3.09063
2.99396
2.89787
2.80247
2.70785
2.61443
31.3037
24.379
19.9516
16.9823
14.878
13.3178
12.1205
11.1772
10.4189
9.79945
9.28697
8.85854
8.49731
8.19063
7.92879
7.70421
7.51091
7.34406
7.19978
7.07485
6.96663
6.87287
6.79171
6.72153
6.66097
6.60884
6.56408
6.52579
6.49317
6.46549
6.44211
6.42245
6.40598
6.39223
6.38076
6.37116
6.36307
6.35613
6.35003
6.34446
6.33915
6.33383
6.32825
6.32219
6.31542
6.30774
6.29896
6.28888
6.27735
6.26419
6.24927
6.23243
6.21355
6.19251
6.16919
6.14349
6.11532
6.0846
6.05125
6.01521
5.97643
5.93485
5.89045
5.84319
5.79306
5.74006
5.68418
5.62544
5.56385
5.49946
5.4323
5.36241
5.28987
5.21473
5.13707
5.05699
4.97456
4.88991
4.80312
4.71433
4.62365
4.53122
4.43717
4.34165
4.24479
4.14676
4.0477
3.94777
3.84714
3.74595
3.64438
3.54258
3.44071
3.33892
3.23738
3.13624
3.03564
2.93577
2.83684
2.73939
2.64521
31.9794
25.0444
20.5818
17.54
15.3624
13.7399
12.4924
11.5091
10.7187
10.0733
9.53951
9.09337
8.71733
8.39814
8.12569
7.89206
7.69102
7.51756
7.36761
7.23784
7.12549
7.02823
6.94412
6.8715
6.80892
6.75515
6.70911
6.66986
6.63654
6.60842
6.58482
6.56514
6.54883
6.53539
6.52437
6.51533
6.50789
6.5017
6.4964
6.49169
6.48727
6.48287
6.47822
6.47308
6.46722
6.46042
6.45247
6.44318
6.43238
6.41988
6.40553
6.38918
6.37069
6.34993
6.32677
6.30112
6.27287
6.24193
6.20823
6.17168
6.13224
6.08985
6.04448
5.99609
5.94466
5.89019
5.83268
5.77214
5.70858
5.64205
5.57258
5.50023
5.42506
5.34713
5.26653
5.18335
5.09769
5.00966
4.91938
4.82696
4.73254
4.63626
4.53827
4.43871
4.33775
4.23555
4.13227
4.02807
3.92314
3.81764
3.71175
3.60564
3.49947
3.39343
3.28767
3.18236
3.07766
2.97376
2.87085
2.76914
2.66831
34.6094
26.1632
21.3284
18.1356
15.8634
14.1715
12.8707
11.8458
11.0224
10.3502
9.7945
9.33022
8.93899
8.60701
8.3237
8.08083
7.8719
7.69168
7.53596
7.40126
7.28472
7.18393
7.09685
7.02176
6.95718
6.90181
6.85453
6.81435
6.78041
6.75192
6.72819
6.70858
6.69253
6.6795
6.66903
6.66067
6.65402
6.64869
6.64433
6.64061
6.63722
6.63387
6.63028
6.6262
6.62138
6.61559
6.60862
6.60025
6.5903
6.57859
6.56494
6.54919
6.5312
6.51082
6.48794
6.46243
6.43418
6.40311
6.36912
6.33213
6.29209
6.24894
6.20263
6.15313
6.10043
6.0445
5.98536
5.923
5.85746
5.78876
5.71694
5.64207
5.5642
5.48341
5.39979
5.31343
5.22443
5.13291
5.039
4.94283
4.84453
4.74426
4.64217
4.53843
4.4332
4.32665
4.21897
4.11034
4.00094
3.89094
3.78055
3.66995
3.55931
3.44882
3.33867
3.22901
3.12003
3.01189
2.90475
2.7987
2.69354
35.6159
27.1626
22.1298
18.7724
16.3863
14.615
13.2565
12.1876
11.3298
10.63
10.0518
9.56894
9.16217
8.81709
8.52268
8.27036
8.05336
7.86626
7.70466
7.56496
7.44417
7.33981
7.24975
7.1722
7.10562
7.04868
7.00021
6.95917
6.92468
6.8959
6.87212
6.85269
6.837
6.82451
6.81472
6.80716
6.80142
6.7971
6.79382
6.79123
6.78902
6.78687
6.78449
6.78161
6.77798
6.77335
6.76749
6.76019
6.75123
6.74043
6.72761
6.71259
6.69522
6.67535
6.65285
6.62758
6.59943
6.5683
6.5341
6.49675
6.45617
6.4123
6.36511
6.31454
6.26058
6.20321
6.14244
6.07826
6.01071
5.93981
5.86561
5.78816
5.70753
5.62381
5.53707
5.44743
5.35499
5.25987
5.16221
5.06214
4.95982
4.85541
4.74906
4.64096
4.53129
4.42023
4.30797
4.19471
4.08064
3.96597
3.85088
3.7356
3.6203
3.50519
3.39045
3.27628
3.16284
3.05029
2.93876
2.82844
2.7203
36.4431
28.3382
23.0174
19.4458
16.9267
15.0685
13.6487
12.5341
11.6407
10.9126
10.3113
9.80936
9.38667
9.02819
8.72244
8.46047
8.23525
8.04113
7.87355
7.72876
7.60368
7.49571
7.40265
7.32266
7.25412
7.19564
7.14603
7.10421
7.06923
7.04026
7.01654
6.99739
6.98218
6.97035
6.96137
6.95477
6.95009
6.94692
6.94486
6.94357
6.94268
6.94189
6.94088
6.93937
6.93708
6.93377
6.92918
6.92309
6.91528
6.90554
6.89369
6.87954
6.86292
6.84368
6.82166
6.79675
6.7688
6.73772
6.7034
6.66575
6.6247
6.58019
6.53215
6.48055
6.42536
6.36657
6.30417
6.23817
6.16858
6.09545
6.01882
5.93875
5.8553
5.76857
5.67863
5.58561
5.48961
5.39077
5.28922
5.18512
5.07863
4.96991
4.85914
4.74651
4.63221
4.51644
4.39941
4.28132
4.16239
4.04283
3.92285
3.80268
3.68252
3.56259
3.44308
3.32421
3.20614
3.08905
2.97301
2.85788
2.74303
41.0318
30.031
23.9654
20.127
17.472
15.5271
14.0455
12.8845
11.9548
11.1977
10.5727
10.0513
9.61231
9.24014
8.92279
8.65097
8.41736
8.21609
8.04243
7.89249
7.76307
7.65146
7.55541
7.47298
7.40251
7.34255
7.29186
7.24933
7.21397
7.18491
7.16136
7.14261
7.12802
7.11698
7.10896
7.10346
7.09999
7.09813
7.09747
7.09763
7.09825
7.09898
7.09951
7.09954
7.09877
7.09694
7.09379
7.08907
7.08256
7.07405
7.06331
7.05018
7.03445
7.01597
6.99458
6.97014
6.94251
6.91158
6.87723
6.83938
6.79793
6.75283
6.704
6.65141
6.59503
6.53483
6.47081
6.40298
6.33136
6.25597
6.17687
6.09412
6.00778
5.91795
5.82473
5.72822
5.62855
5.52586
5.42029
5.31201
5.20118
5.08798
4.97261
4.85526
4.73615
4.61547
4.49346
4.37033
4.24632
4.12166
3.99658
3.87131
3.74608
3.62111
3.49663
3.37286
3.25001
3.12826
3.00778
2.88845
2.76828
43.4269
31.0806
24.7481
20.7697
18.0113
15.9877
14.4459
13.2381
12.2716
11.4849
10.8358
10.2945
9.83887
9.45271
9.12352
8.84165
8.59949
8.39095
8.21111
8.05596
7.92215
7.80689
7.70785
7.623
7.55064
7.48926
7.43757
7.39441
7.35877
7.32973
7.30648
7.28827
7.27443
7.26435
7.25745
7.2532
7.25112
7.25075
7.25166
7.25346
7.25575
7.2582
7.26045
7.26219
7.26313
7.26296
7.26143
7.25826
7.25323
7.2461
7.23666
7.22469
7.21001
7.19244
7.17181
7.14797
7.12077
7.0901
7.05583
7.01787
6.97611
6.93049
6.88094
6.82741
6.76987
6.70829
6.64267
6.573
6.49932
6.42165
6.34004
6.25455
6.16526
6.07226
5.97565
5.87556
5.7721
5.66542
5.55569
5.44306
5.32773
5.20988
5.08972
4.96745
4.84331
4.71751
4.5903
4.46192
4.33261
4.20262
4.0722
3.9416
3.81106
3.68084
3.55117
3.42229
3.29444
3.16786
3.04291
2.92033
2.80259
39.9438
31.2691
25.4023
21.3968
18.5525
16.4524
14.8501
13.595
12.5909
11.7741
11.1004
10.5387
10.0661
9.66569
9.32443
9.03231
8.78143
8.5655
8.3794
8.21896
8.08072
7.96181
7.85978
7.77256
7.69836
7.63563
7.58302
7.53933
7.50352
7.47463
7.45181
7.43429
7.42137
7.4124
7.40678
7.40397
7.40346
7.40476
7.40744
7.41106
7.41524
7.41959
7.42376
7.42742
7.43025
7.43195
7.43222
7.4308
7.42743
7.42187
7.41388
7.40326
7.38978
7.37328
7.35356
7.33046
7.30384
7.27355
7.23947
7.20149
7.15951
7.11346
7.06325
7.00884
6.95018
6.88725
6.82004
6.74855
6.67279
6.59281
6.50865
6.42038
6.32806
6.23181
6.13172
6.02792
5.92054
5.80974
5.69569
5.57856
5.45855
5.33586
5.21071
5.08332
4.95393
4.82279
4.69015
4.55627
4.42142
4.28585
4.14985
4.01367
3.87759
3.74188
3.60678
3.47256
3.33945
3.20773
3.07771
2.95015
2.82817
41.6726
32.4824
26.2821
22.0815
19.1122
16.9252
15.259
13.9551
12.9127
12.065
11.3663
10.7838
10.2939
9.87884
9.52526
9.2227
8.96296
8.7395
8.54705
8.38127
8.23859
8.11601
8.01102
7.92146
7.84548
7.78148
7.72805
7.68396
7.6481
7.6195
7.59726
7.58059
7.56875
7.56107
7.55693
7.55575
7.557
7.56018
7.56483
7.57049
7.57675
7.58322
7.58953
7.59532
7.60025
7.60402
7.60631
7.60684
7.60533
7.60153
7.59519
7.58609
7.574
7.55873
7.54008
7.51788
7.49197
7.4622
7.42843
7.39055
7.34845
7.30205
7.25125
7.19602
7.13629
7.07205
7.00327
6.92995
6.85212
6.7698
6.68306
6.59194
6.49653
6.39693
6.29326
6.18564
6.07422
5.95915
5.84062
5.71882
5.59394
5.46621
5.33586
5.20312
5.06826
4.93154
4.79322
4.65359
4.51293
4.37153
4.22968
4.08767
3.94579
3.80432
3.66355
3.52373
3.38513
3.24797
3.11235
2.97794
2.84201
49.1951
34.692
27.3666
22.8176
19.6886
17.4055
15.6723
14.3182
13.2366
12.3575
11.6331
11.0294
10.5218
10.0919
9.72577
9.41257
9.14381
8.91273
8.71384
8.54267
8.39552
8.26929
8.16137
8.06953
7.99185
7.92666
7.87252
7.82814
7.79238
7.76422
7.74273
7.72709
7.71651
7.71032
7.70785
7.70851
7.71174
7.71702
7.72385
7.73177
7.74035
7.74917
7.75784
7.76598
7.77325
7.77931
7.78384
7.78653
7.7871
7.78527
7.78079
7.77341
7.7629
7.74904
7.73164
7.7105
7.68545
7.65634
7.62302
7.58536
7.54325
7.49659
7.4453
7.38931
7.32857
7.26305
7.19272
7.11759
7.03768
6.953
6.86363
6.76961
6.67104
6.56801
6.46065
6.3491
6.23349
6.11401
5.99083
5.86416
5.73422
5.60124
5.46547
5.32715
5.18657
5.04401
4.89975
4.7541
4.60737
4.45986
4.31188
4.16376
4.01579
3.8683
3.72158
3.57591
3.43158
3.28881
3.14772
3.00794
2.86689
50.3547
35.9575
28.303
23.5328
20.2656
17.8894
16.089
14.684
13.5624
12.6512
11.9007
11.2753
10.7497
10.3046
9.92569
9.60166
9.32373
9.08491
8.87952
8.70292
8.55129
8.42142
8.31061
8.21655
8.13725
8.071
8.01627
7.97175
7.93624
7.90868
7.88813
7.87369
7.86459
7.86009
7.85952
7.86224
7.86768
7.87528
7.88454
7.89497
7.9061
7.91751
7.92879
7.93954
7.94939
7.95798
7.96498
7.97007
7.97295
7.97332
7.97091
7.96546
7.95673
7.94449
7.92851
7.90861
7.8846
7.85631
7.82358
7.78627
7.74427
7.69746
7.64576
7.58909
7.5274
7.46065
7.38881
7.31188
7.22987
7.14282
7.05078
6.95381
6.852
6.74546
6.6343
6.51868
6.39874
6.27468
6.14668
6.01497
5.87976
5.7413
5.59987
5.45572
5.30916
5.16049
5.01001
4.85806
4.70495
4.55103
4.39663
4.24209
4.08775
3.93394
3.78098
3.6292
3.47889
3.33035
3.18391
3.04014
2.90191
48.4088
36.5385
29.0812
24.2138
20.838
18.3754
16.5086
15.0521
13.8899
12.946
12.1687
11.5213
10.9773
10.5167
10.1247
9.78967
9.50244
9.25577
9.0438
8.86175
8.70564
8.57216
8.45852
8.36232
8.28151
8.2143
8.15913
8.11462
8.07953
8.05277
8.03334
8.02033
8.01292
8.01034
8.01189
8.01692
8.02481
8.035
8.04694
8.06013
8.07409
8.08835
8.1025
8.11611
8.12879
8.14018
8.14992
8.15766
8.16309
8.1659
8.1658
8.16252
8.15579
8.14537
8.13103
8.11256
8.08976
8.06245
8.03047
7.99366
7.9519
7.90506
7.85305
7.79579
7.73321
7.66528
7.59196
7.51325
7.42915
7.33971
7.24496
7.14498
7.03986
6.9297
6.81464
6.69482
6.57041
6.44161
6.3086
6.17163
6.03093
5.88677
5.73942
5.58918
5.43637
5.28129
5.1243
4.96573
4.80593
4.64528
4.48413
4.32286
4.16182
4.00137
3.84188
3.68367
3.5271
3.3725
3.22029
3.07112
2.92654
51.4791
37.7013
29.9245
24.9056
21.4163
18.8659
16.9317
15.4226
14.2188
13.2416
12.437
11.7671
11.2042
10.7279
10.3226
9.97631
9.67962
9.42501
9.20642
9.01888
8.85831
8.72127
8.60486
8.50661
8.4244
8.35638
8.30092
8.2566
8.22212
8.19636
8.17827
8.16691
8.16142
8.16101
8.16495
8.17254
8.18316
8.1962
8.2111
8.22733
8.24438
8.26179
8.27908
8.29584
8.31165
8.32611
8.33885
8.34952
8.35777
8.36328
8.36575
8.36487
8.36038
8.35201
8.33953
8.3227
8.30131
8.27517
8.24411
8.20795
8.16657
8.11982
8.06762
8.00986
7.94647
7.87742
7.80266
7.72219
7.636
7.54415
7.44666
7.34361
7.2351
7.12124
7.00216
6.87801
6.74897
6.61524
6.47703
6.33459
6.18817
6.03805
5.88452
5.72791
5.56854
5.40676
5.24292
5.07741
4.91059
4.74287
4.57463
4.40627
4.23819
4.07077
3.90439
3.73944
3.57628
3.41525
3.25672
3.10099
2.94714
54.3936
39.0755
30.8653
25.6348
22.0099
19.3638
17.3588
15.7955
14.5491
13.5376
12.7051
12.0122
11.4301
10.9377
10.5189
10.1612
9.85496
9.59232
9.36705
9.17403
9.00901
8.86846
8.74937
8.6492
8.56572
8.49704
8.44147
8.39752
8.36387
8.33932
8.32281
8.31335
8.31004
8.31207
8.31866
8.3291
8.34272
8.35891
8.37706
8.39664
8.41709
8.43794
8.45869
8.4789
8.49812
8.51596
8.53201
8.54589
8.55725
8.56574
8.57104
8.57284
8.57085
8.56478
8.55439
8.53942
8.51966
8.49489
8.46493
8.4296
8.38875
8.34224
8.28995
8.2318
8.16769
8.09758
8.02143
7.93922
7.85096
7.75668
7.65642
7.55025
7.43828
7.3206
7.19738
7.06875
6.93492
6.79608
6.65247
6.50433
6.35194
6.1956
6.03562
5.87233
5.70609
5.53726
5.36625
5.19343
5.01923
4.84407
4.66836
4.49255
4.31705
4.14229
3.96869
3.79664
3.62653
3.45872
3.29353
3.13128
2.97277
54.6091
40.3559
31.8783
26.4015
22.6195
19.8693
17.7898
16.1705
14.8803
13.8338
12.9728
12.2563
11.6547
11.1459
10.7133
10.3441
10.0281
9.75735
9.52538
9.32687
9.15745
9.01346
8.8918
8.78982
8.70524
8.63607
8.58058
8.53722
8.50461
8.48153
8.46685
8.45955
8.45871
8.46346
8.473
8.48659
8.50353
8.52318
8.54491
8.56814
8.59233
8.61694
8.64147
8.66546
8.68843
8.70996
8.72963
8.74705
8.76182
8.7736
8.78203
8.78679
8.78757
8.78407
8.77603
8.76317
8.74526
8.72208
8.69342
8.6591
8.61895
8.57283
8.5206
8.46216
8.39743
8.32635
8.24886
8.16495
8.07462
7.9779
7.87483
7.76548
7.64996
7.52838
7.40088
7.26763
7.12883
6.98469
6.83545
6.68138
6.52277
6.35992
6.19318
6.02289
5.84944
5.67323
5.49466
5.31417
5.13219
4.94919
4.76562
4.58195
4.39864
4.21614
4.03491
3.85539
3.67799
3.50307
3.33092
3.1617
2.99637
58.0206
42.1888
32.982
27.1891
23.2379
20.3797
18.2238
16.547
15.2121
14.1298
13.2397
12.4992
11.8775
11.3521
10.9055
10.5245
10.1987
9.91974
9.68104
9.47707
9.30331
9.15598
9.03186
8.92822
8.8427
8.77325
8.71805
8.67551
8.6442
8.62285
8.61028
8.60544
8.60736
8.61513
8.62795
8.64501
8.66561
8.68905
8.7147
8.74195
8.77021
8.79894
8.82761
8.85572
8.88279
8.90836
8.932
8.95328
8.97181
8.9872
8.99908
9.00711
9.01096
9.01033
9.0049
8.99442
8.97861
8.95725
8.93012
8.89701
8.85775
8.81218
8.76015
8.70156
8.63631
8.56433
8.48557
8.39999
8.30761
8.20844
8.10254
7.98996
7.87081
7.74521
7.61331
7.47529
7.33134
7.18169
7.02659
6.86633
6.70121
6.53156
6.35773
6.18011
5.9991
5.81511
5.6286
5.44002
5.24985
5.05859
4.86672
4.67475
4.48319
4.29253
4.10326
3.91587
3.73079
3.54845
3.36915
3.19272
3.01624
65.2174
44.0899
34.0289
27.96
23.855
20.892
18.6595
16.9244
15.5438
14.425
13.5052
12.7402
12.0982
11.5557
11.0949
10.702
10.3662
10.0791
9.83366
9.62427
9.44625
9.29568
9.16925
9.06413
8.97787
8.90834
8.85367
8.81221
8.78248
8.76314
8.75298
8.75091
8.75592
8.76707
8.78349
8.80439
8.829
8.85661
8.88655
8.91817
8.95089
8.98411
9.0173
9.04991
9.08146
9.11145
9.13942
9.16494
9.18757
9.20692
9.2226
9.23424
9.24149
9.24402
9.24152
9.2337
9.22027
9.20099
9.17562
9.14394
9.10577
9.06093
9.00927
8.95067
8.88501
8.81223
8.73226
8.64507
8.55066
8.44904
8.34026
8.22439
8.10153
7.97181
7.83537
7.6924
7.54312
7.38774
7.22655
7.05983
6.88791
6.71113
6.52988
6.34455
6.15558
5.96342
5.76854
5.57144
5.37263
5.17263
4.972
4.77127
4.57099
4.3717
4.17394
3.97822
3.78506
3.59494
3.40836
3.22586
3.04713
63.107
44.7059
34.8798
28.7008
24.4693
21.4056
19.0963
17.3022
15.8751
14.719
13.7688
12.9789
12.3161
11.7564
11.2811
10.8761
10.5304
10.235
9.98283
9.76808
9.58589
9.43223
9.30365
9.19724
9.11046
9.0411
8.98723
8.94714
8.91927
8.90226
8.89485
8.89589
8.90433
8.91921
8.93963
8.96473
8.99374
9.02591
9.06053
9.09695
9.13452
9.17265
9.21075
9.24828
9.28471
9.31952
9.35223
9.38237
9.40951
9.4332
9.45305
9.46866
9.47966
9.4857
9.48645
9.4816
9.47084
9.45392
9.43057
9.40057
9.36371
9.3198
9.26868
9.21022
9.14429
9.07081
8.98971
8.90096
8.80455
8.70048
8.5888
8.46958
8.34293
8.20896
8.06784
7.91976
7.76493
7.6036
7.43605
7.26259
7.08355
6.89931
6.71027
6.51685
6.31951
6.11873
5.91502
5.70892
5.50098
5.29176
5.08185
4.87184
4.66233
4.45391
4.24716
4.04265
3.84093
3.64255
3.44816
3.25914
3.0818
59.0825
45.3093
35.7734
29.4592
25.0905
21.9222
19.5344
17.6798
16.2054
15.0113
14.0302
13.2147
12.5309
11.9535
11.4636
11.0464
10.6906
10.387
10.1281
9.9081
9.72187
9.56526
9.43474
9.32725
9.2402
9.17128
9.1185
9.08007
9.05441
9.04006
9.03575
9.04027
9.05254
9.07154
9.09635
9.12607
9.1599
9.19705
9.23679
9.27842
9.32129
9.36476
9.40823
9.45111
9.49285
9.53292
9.5708
9.60601
9.63806
9.66652
9.69093
9.71091
9.72604
9.73596
9.74032
9.73877
9.73101
9.71674
9.6957
9.66764
9.63233
9.58957
9.53919
9.48103
9.41498
9.34092
9.25879
9.16854
9.07015
8.96363
8.84903
8.72641
8.59587
8.45754
8.3116
8.15822
7.99763
7.83011
7.65592
7.47541
7.28892
7.09685
6.89962
6.69769
6.49153
6.28166
6.06864
5.85303
5.63543
5.41644
5.19671
4.97687
4.75757
4.53946
4.32318
4.10934
3.89855
3.69136
3.48829
3.28985
3.09688
67.274
47.5909
36.9375
30.2705
25.7247
22.4427
19.9733
18.0569
16.5341
15.3012
14.2886
13.4472
12.7419
12.1466
11.6419
11.2124
10.8464
10.5345
10.2691
10.0439
9.85376
9.6944
9.56214
9.45384
9.36678
9.2986
9.24723
9.21081
9.1877
9.1764
9.17557
9.18397
9.20047
9.22402
9.25365
9.28844
9.32753
9.37012
9.41545
9.46277
9.51141
9.5607
9.61
9.65872
9.70625
9.75205
9.79557
9.8363
9.87373
9.90739
9.93682
9.96158
9.98126
9.99546
10.0038
10.0059
10.0015
9.99025
9.97183
9.94599
9.91249
9.87113
9.8217
9.76404
9.69801
9.6235
9.54044
9.44876
9.34844
9.23948
9.12193
8.99585
8.86133
8.71853
8.56759
8.40872
8.24216
8.06817
7.88706
7.69918
7.50488
7.30459
7.09875
6.88785
6.67239
6.45294
6.23007
6.00439
5.77655
5.54722
5.31706
5.08679
4.8571
4.6287
4.40229
4.17855
3.95813
3.7416
3.52938
3.32097
3.11033
75.4749
49.9484
38.1415
31.0968
26.3647
22.9652
20.4123
18.4328
16.8606
15.5882
14.5434
13.6756
12.9484
12.3351
11.8153
11.3734
10.9973
10.6771
10.4052
10.175
9.98113
9.81924
9.68549
9.57664
9.48989
9.42278
9.37316
9.33912
9.31895
9.3111
9.31417
9.32689
9.34807
9.37663
9.41155
9.45188
9.49673
9.54526
9.59666
9.65019
9.70511
9.76073
9.81639
9.87145
9.92529
9.97733
10.027
10.0738
10.1171
10.1564
10.1913
10.2214
10.246
10.2649
10.2777
10.2839
10.2832
10.2753
10.2598
10.2365
10.2052
10.1654
10.1172
10.0602
9.99443
9.91962
9.83574
9.74271
9.6405
9.52912
9.4086
9.27899
9.14041
8.99299
8.8369
8.67234
8.49956
8.31884
8.13049
7.93488
7.73239
7.52346
7.30856
7.0882
6.86293
6.63334
6.40004
6.16371
5.92501
5.68468
5.44345
5.20208
4.96134
4.72199
4.48481
4.25054
4.0199
3.79355
3.57206
3.35574
3.14499
72.2564
50.9299
39.1489
31.8935
27.001
23.4874
20.8504
18.8069
17.1843
15.8716
14.794
13.8993
13.1499
12.5182
11.9832
11.5288
11.1425
10.8143
10.5359
10.3008
10.1035
9.93932
9.80437
9.6953
9.60919
9.54351
9.49603
9.46478
9.44796
9.444
9.45143
9.46894
9.49528
9.52935
9.57007
9.61646
9.66759
9.72259
9.78062
9.84089
9.90265
9.96516
10.0277
10.0897
10.1504
10.2093
10.2656
10.319
10.3687
10.4143
10.4552
10.491
10.5211
10.5453
10.5629
10.5736
10.5771
10.5729
10.5608
10.5404
10.5114
10.4736
10.4268
10.3708
10.3054
10.2304
10.1459
10.0516
9.94755
9.83377
9.71025
9.57707
9.43433
9.28215
9.12073
8.95026
8.77101
8.58326
8.38734
8.18363
7.97254
7.75452
7.53007
7.29973
7.06408
6.82376
6.57941
6.33176
6.08154
5.82952
5.57651
5.32332
5.07079
4.81978
4.57111
4.32561
4.0841
3.84733
3.61612
3.39168
3.17892
72.4743
51.8927
40.0924
32.6737
27.6347
24.0089
21.2872
19.1783
17.5044
16.1505
15.0395
14.1174
13.3455
12.6952
12.1449
11.678
11.2816
10.9453
10.6607
10.4209
10.2204
10.0542
9.91836
9.80941
9.72432
9.66047
9.61555
9.58751
9.57452
9.57492
9.58721
9.61001
9.64204
9.68215
9.72922
9.78224
9.84023
9.90228
9.96753
10.0351
10.1043
10.1743
10.2444
10.3139
10.3821
10.4484
10.5121
10.5726
10.6293
10.6817
10.7292
10.7713
10.8075
10.8373
10.8603
10.8761
10.8841
10.8841
10.8757
10.8586
10.8324
10.7969
10.7519
10.697
10.6322
10.5573
10.4722
10.3768
10.271
10.1548
10.0283
9.89146
9.74444
9.58738
9.42043
9.24383
9.05782
8.86273
8.65888
8.44667
8.22653
7.99893
7.7644
7.52352
7.27689
7.02519
6.76913
6.50945
6.24696
5.9825
5.71692
5.45112
5.18602
4.92253
4.66159
4.40411
4.15097
3.90305
3.66123
3.4265
3.19904
77.81
53.4929
41.1259
33.4718
28.2731
24.5309
21.7222
19.5465
17.8201
16.4243
15.2792
14.3292
13.5344
12.8653
12.2996
11.8202
11.4138
11.0695
10.7789
10.5347
10.3312
10.1633
10.027
9.91854
9.83488
9.7733
9.7314
9.70707
9.6984
9.70368
9.72136
9.75
9.7883
9.83503
9.88905
9.9493
10.0148
10.0845
10.1576
10.2332
10.3105
10.3887
10.467
10.5446
10.621
10.6953
10.767
10.8353
10.8997
10.9595
11.0142
11.0632
11.1061
11.1422
11.1711
11.1924
11.2056
11.2103
11.2061
11.1926
11.1696
11.1367
11.0937
11.0403
10.9764
10.9017
10.8162
10.7198
10.6123
10.4938
10.3642
10.2237
10.0723
9.9102
9.73753
9.55454
9.3615
9.15872
8.94655
8.72541
8.49573
8.25804
8.01286
7.76081
7.50255
7.23877
6.97025
6.69778
6.42222
6.14448
5.86548
5.58621
5.30765
5.03082
4.75673
4.4864
4.22081
3.9609
3.70758
3.46163
3.22279
79.4938
55.0548
42.2454
34.3012
28.9201
25.0538
22.1548
19.9106
18.1305
16.6918
15.512
14.5337
13.7157
13.0276
12.4465
11.9546
11.5382
11.1862
10.8898
10.6415
10.4354
10.2662
10.1298
10.0222
9.94048
9.88164
9.84326
9.82315
9.81935
9.83007
9.85372
9.88881
9.93399
9.98798
10.0496
10.1178
10.1914
10.2695
10.3512
10.4355
10.5216
10.6086
10.6958
10.7824
10.8677
10.9508
11.0311
11.108
11.1807
11.2487
11.3113
11.3679
11.418
11.4611
11.4965
11.5239
11.5428
11.5527
11.5532
11.5439
11.5245
11.4946
11.454
11.4024
11.3396
11.2654
11.1797
11.0823
10.9732
10.8524
10.7198
10.5756
10.4197
10.2524
10.0738
9.88412
9.68372
9.47288
9.25198
9.02143
8.78171
8.53334
8.2769
8.01302
7.7424
7.46579
7.184
6.89789
6.60839
6.31645
6.02311
5.7294
5.43642
5.14527
4.85708
4.57296
4.29399
4.02121
3.75555
3.49784
3.25051
80.0428
56.8508
43.4507
35.1542
29.5727
25.5761
22.584
20.2695
18.4345
16.952
15.7369
14.7299
13.8884
13.1812
12.5846
12.0803
11.6542
11.2947
10.9927
10.7407
10.5323
10.3623
10.2261
10.12
10.0406
9.98508
9.95077
9.93545
9.9371
9.95388
9.98414
10.0263
10.0791
10.141
10.2109
10.2877
10.3702
10.4575
10.5485
10.6423
10.7379
10.8347
10.9316
11.0279
11.1228
11.2156
11.3054
11.3916
11.4735
11.5504
11.6216
11.6866
11.7447
11.7953
11.838
11.8722
11.8974
11.913
11.9188
11.9141
11.8988
11.8723
11.8345
11.785
11.7237
11.6502
11.5645
11.4664
11.3558
11.2327
11.0971
10.949
10.7885
10.6158
10.4311
10.2345
10.0264
9.8071
9.57701
9.33655
9.08622
8.82656
8.55817
8.28173
7.99797
7.7077
7.41176
7.11109
6.80667
6.49955
6.19082
5.88163
5.57316
5.26662
4.96326
4.66429
4.37093
4.08433
3.8055
3.53496
3.27185
88.9569
59.2501
44.6792
36.0044
30.2231
26.0951
23.0082
20.6219
18.7308
17.2037
15.9527
14.9165
14.0514
13.325
12.713
12.1964
11.7607
11.394
11.0869
10.8315
10.6212
10.4508
10.3155
10.2113
10.1349
10.0832
10.0535
10.0436
10.0514
10.0749
10.1124
10.1624
10.2234
10.2941
10.3731
10.4593
10.5516
10.6488
10.7499
10.854
10.9602
11.0674
11.175
11.2819
11.3874
11.4906
11.5908
11.6873
11.7791
11.8658
11.9465
12.0206
12.0875
12.1465
12.1972
12.2389
12.271
12.2931
12.3047
12.3053
12.2946
12.272
12.2374
12.1905
12.1309
12.0584
11.9729
11.8742
11.7623
11.637
11.4984
11.3464
11.1812
11.0029
10.8117
10.6079
10.3917
10.1635
9.92375
9.67283
9.41127
9.13964
8.85857
8.56877
8.27102
7.96616
7.65511
7.33886
7.01847
6.69506
6.36982
6.04398
5.71883
5.39571
5.07598
4.761
4.45212
4.15065
3.85783
3.57444
3.29663
94.3106
60.8122
45.7539
36.826
30.8659
26.6086
23.4258
20.9663
19.0181
17.4456
16.158
15.0924
14.2034
13.4578
12.8304
12.3019
11.8569
11.4833
11.1714
10.913
10.7015
10.5312
10.3972
10.2956
10.2227
10.1754
10.1511
10.1473
10.1618
10.1928
10.2384
10.297
10.3671
10.4473
10.5363
10.6328
10.7356
10.8437
10.9559
11.0713
11.1888
11.3076
11.4267
11.5452
11.6623
11.777
11.8886
11.9962
12.099
12.1963
12.2874
12.3716
12.4482
12.5165
12.5759
12.6259
12.6658
12.6951
12.7132
12.7197
12.7141
12.6961
12.6652
12.6211
12.5636
12.4925
12.4075
12.3085
12.1953
12.0679
11.9262
11.7703
11.6002
11.4161
11.2182
11.0068
10.7822
10.5446
10.2946
10.0326
9.75917
9.47482
9.18026
8.87623
8.56354
8.2431
7.91587
7.58293
7.2454
6.90448
6.56146
6.21768
5.87454
5.53352
5.19609
4.86378
4.5381
4.22053
3.91264
3.61653
3.33811
85.8012
61.2041
46.7169
37.634
31.5033
27.1158
23.8354
21.3012
19.2947
17.676
16.3514
15.256
14.3431
13.5784
12.9358
12.3955
11.9416
11.5616
11.2453
10.9845
10.7722
10.6026
10.4706
10.3721
10.3034
10.2613
10.243
10.246
10.2681
10.3073
10.3618
10.4299
10.51
10.6006
10.7005
10.8082
10.9226
11.0426
11.1669
11.2946
11.4246
11.556
11.6877
11.8189
11.9486
12.0759
12.1999
12.3198
12.4346
12.5437
12.6463
12.7415
12.8287
12.9072
12.9764
13.0356
13.0841
13.1213
13.1468
13.1599
13.1601
13.1471
13.1205
13.0799
13.0249
12.9555
12.8713
12.7721
12.6578
12.5283
12.3836
12.2237
12.0486
11.8585
11.6536
11.4342
11.2006
10.9532
10.6924
10.4187
10.1326
9.8347
9.52576
9.20652
8.87785
8.54071
8.19614
7.84526
7.48929
7.12952
6.76733
6.40418
6.04159
5.68118
5.32458
4.97347
4.62952
4.29442
3.96983
3.65808
3.36756
87.3551
62.812
47.8534
38.4677
32.1403
27.616
24.2353
21.6249
19.5589
17.8932
16.5312
15.4058
14.469
13.6853
13.0278
12.476
12.0136
11.6276
11.3076
11.045
10.8325
10.6642
10.5349
10.4403
10.3765
10.3403
10.3288
10.3394
10.3699
10.4182
10.4825
10.5609
10.652
10.7541
10.8659
10.9859
11.113
11.2459
11.3835
11.5246
11.6683
11.8134
11.959
12.1041
12.2476
12.3887
12.5264
12.6598
12.7879
12.9099
13.025
13.1324
13.2314
13.3212
13.4012
13.4705
13.5286
13.5748
13.6084
13.6289
13.6357
13.6284
13.6066
13.57
13.5181
13.4507
13.3676
13.2685
13.1533
13.0219
12.8742
12.7101
12.5299
12.3335
12.1213
11.8935
11.6505
11.3926
11.1203
10.8341
10.5346
10.2223
9.89794
9.56243
9.21663
8.86156
8.49833
8.12814
7.7523
7.37218
6.98927
6.60515
6.22148
5.84002
5.46257
5.09101
4.72718
4.37293
4.02991
3.69911
3.37633
102.742
65.8417
49.1736
39.3261
32.7753
28.1075
24.6236
21.9352
19.8087
18.0953
16.6955
15.54
14.5794
13.7769
13.1049
12.5421
12.0717
11.6803
11.3572
11.0933
10.8814
10.7151
10.5892
10.4991
10.4411
10.4116
10.4077
10.4268
10.4667
10.525
10.6001
10.6899
10.793
10.9077
11.0326
11.1662
11.3071
11.4543
11.6063
11.7622
11.9208
12.081
12.2418
12.4021
12.5609
12.7172
12.87
13.0181
13.1608
13.2971
13.4261
13.547
13.6589
13.7612
13.8531
13.9338
14.0026
14.0587
14.1014
14.1302
14.1445
14.1437
14.1274
14.0953
14.047
13.9821
13.9005
13.8018
13.686
13.5527
13.402
13.2337
13.0481
12.8452
12.6253
12.3886
12.1356
11.8667
11.5822
11.2827
10.9687
10.641
10.3002
9.94721
9.583
9.20863
8.82528
8.43425
8.03692
7.63478
7.22943
6.82255
6.41597
6.01159
5.61143
5.21755
4.83202
4.45688
4.09396
3.74419
3.40243
105.461
67.8294
50.3944
40.1689
33.4003
28.587
24.9977
22.2297
20.0417
18.2801
16.8421
15.6567
14.6724
13.8515
13.1654
12.5922
12.1144
11.7183
11.3926
11.1283
10.9176
10.7541
10.6324
10.5479
10.4964
10.4745
10.4792
10.5078
10.5579
10.6274
10.7143
10.8167
10.9331
11.0616
11.2008
11.3493
11.5055
11.6682
11.8362
12.0082
12.1832
12.36
12.5375
12.7146
12.8903
13.0633
13.2326
13.3972
13.556
13.708
13.8523
13.9881
14.1144
14.2306
14.3358
14.4291
14.5097
14.577
14.63
14.6681
14.6908
14.6973
14.6873
14.6604
14.6162
14.5544
14.4747
14.3768
14.2605
14.1255
13.9718
13.7993
13.6081
13.3983
13.1703
12.9242
12.6606
12.3798
12.0823
11.7686
11.4393
11.095
10.7365
10.3647
9.9806
9.58539
9.1803
8.76671
8.34611
7.92008
7.49033
7.05869
6.62713
6.19775
5.77275
5.35444
4.94514
4.54717
4.16275
3.79425
3.44843
99.9584
68.7425
51.4489
40.9777
34.0094
29.0512
25.3549
22.5059
20.2553
18.445
16.9689
15.7535
14.746
13.9072
13.2077
12.6246
12.1401
11.7399
11.4126
11.1485
10.94
10.7802
10.6636
10.5854
10.5414
10.5281
10.5423
10.5814
10.643
10.7247
10.8247
10.9411
11.072
11.2158
11.3709
11.5356
11.7086
11.8885
12.074
12.2638
12.4568
12.6519
12.8479
13.0435
13.2377
13.4293
13.617
13.7997
13.9763
14.1457
14.307
14.4593
14.6017
14.7333
14.8532
14.9606
15.0546
15.1343
15.1989
15.2475
15.2796
15.2944
15.2916
15.2707
15.2313
15.1732
15.0959
14.9991
14.8826
14.7461
14.5894
14.4125
14.2155
13.9985
13.7618
13.5058
13.2308
12.9374
12.626
12.297
11.9512
11.589
11.2114
10.8193
10.4138
9.99596
9.56728
9.1292
8.68331
8.23128
7.77496
7.31629
6.85743
6.40066
5.94842
5.50328
5.06785
4.64477
4.23664
3.84642
3.47981
105.001
70.2039
52.5048
41.7716
34.6031
29.4975
25.692
22.7604
20.4465
18.5871
17.073
15.8281
14.7979
13.9419
13.2295
12.6374
12.147
11.7436
11.4154
11.1525
10.9469
10.7918
10.6813
10.6104
10.575
10.5713
10.5963
10.647
10.7212
10.8166
10.931
11.0627
11.2097
11.3704
11.5429
11.7257
11.9172
12.116
12.3208
12.5303
12.7432
12.9585
13.1748
13.391
13.6058
13.8179
14.0261
14.2289
14.4253
14.6141
14.7943
14.965
15.1251
15.2739
15.4103
15.5335
15.6425
15.7363
15.8138
15.8743
15.917
15.9413
15.9466
15.9326
15.8988
15.8449
15.7706
15.6755
15.5591
15.4213
15.2616
15.0802
14.8771
14.6524
14.4065
14.1398
13.8527
13.5457
13.2194
12.874
12.5103
12.1289
11.7307
11.3165
10.8876
10.4452
9.99088
9.52611
9.05264
8.57224
8.08687
7.59862
7.1098
6.62293
6.14071
5.66598
5.20172
4.75089
4.31637
3.9009
3.50482
110.467
72.042
53.6418
42.5706
35.1825
29.9231
26.0054
22.9897
20.6119
18.7034
17.1515
15.8777
14.8255
13.953
13.2288
12.6284
12.133
11.7273
11.3991
11.1384
10.9368
10.7873
10.6839
10.6216
10.5959
10.603
10.6398
10.7036
10.7918
10.9021
11.0326
11.1812
11.3461
11.5254
11.7173
11.9201
12.1321
12.3518
12.5779
12.8091
13.0442
13.2819
13.5208
13.7599
13.9976
14.2326
14.4635
14.6888
14.9073
15.1176
15.3189
15.5101
15.6901
15.8581
16.0131
16.154
16.2799
16.3895
16.4817
16.5556
16.6103
16.6453
16.6599
16.6538
16.6264
16.5776
16.5069
16.414
16.2982
16.1591
15.9966
15.8106
15.601
15.3682
15.1124
14.8342
14.534
14.2124
13.8699
13.5068
13.1238
12.7215
12.3008
11.8626
11.4083
10.9391
10.4566
9.96268
9.45902
8.94755
8.43032
7.90956
7.38777
6.8677
6.35234
5.84487
5.34865
4.86704
4.40323
3.96002
3.54042
109.945
73.8555
54.8516
43.3741
35.744
30.3235
26.2906
23.1896
20.7474
18.79
17.201
15.8991
14.8259
13.9381
13.2028
12.5952
12.0957
11.6887
11.3616
11.1041
10.9075
10.7648
10.6698
10.6172
10.6024
10.6217
10.6717
10.7499
10.8536
10.9806
11.1288
11.2963
11.481
11.681
11.8944
12.1194
12.3542
12.5972
12.847
13.1024
13.362
13.6246
13.8888
14.1533
14.4167
14.6774
14.9338
15.1843
15.4274
15.6619
15.8868
16.1009
16.3033
16.4928
16.6686
16.8296
16.9746
17.1022
17.211
17.3
17.3684
17.4155
17.4408
17.4437
17.4238
17.3809
17.3146
17.2245
17.1097
16.9697
16.8043
16.6135
16.3971
16.1556
15.8891
15.5984
15.284
14.9466
14.5866
14.2043
13.8002
13.3751
12.9298
12.4654
11.9832
11.4845
10.9712
10.4452
9.9084
9.36277
8.81045
8.25383
7.6956
7.13877
6.58662
6.04274
5.51094
4.99509
4.4988
4.02491
3.57687
115.01
76.2704
56.1039
44.162
36.2787
30.6925
26.5422
23.355
20.8485
18.8428
17.2176
15.8889
14.7959
13.8938
13.1487
12.5349
12.0324
11.6252
11.3002
11.047
10.8566
10.7219
10.6366
10.5951
10.5927
10.6255
10.6903
10.7844
10.9054
11.051
11.2189
11.4073
11.6141
11.8373
12.0748
12.3246
12.5848
12.8537
13.1299
13.4123
13.6994
13.9899
14.2824
14.5754
14.8676
15.1573
15.4424
15.7212
15.992
16.2536
16.505
16.7451
16.9726
17.1864
17.3857
17.5694
17.7362
17.8842
18.0119
18.1181
18.2021
18.2632
18.3006
18.3138
18.3025
18.2665
18.2056
18.119
18.0058
17.8652
17.6969
17.501
17.2775
17.0265
16.7484
16.444
16.1141
15.7596
15.3805
14.9772
14.55
14.0998
13.6276
13.1344
12.6214
12.0902
11.5428
10.9814
10.408
9.82467
9.23355
8.63718
8.0385
7.44077
6.84761
6.26303
5.6914
5.13727
4.6049
4.09739
3.61106
128.918
78.6856
57.2607
44.9038
36.7754
31.0226
26.7538
23.4803
20.91
18.857
17.197
15.8429
14.7317
13.8168
13.0631
12.4442
11.9398
11.5335
11.2119
10.964
10.7811
10.6558
10.5817
10.5529
10.5644
10.6123
10.6935
10.8054
10.9457
11.112
11.3019
11.5137
11.7452
11.9944
12.259
12.5367
12.8254
13.1233
13.4291
13.7418
14.0598
14.3817
14.7059
15.0311
15.3559
15.6784
15.9962
16.3069
16.6089
16.9012
17.1827
17.4522
17.7081
17.9494
18.1753
18.3849
18.5767
18.7482
18.8975
19.0232
19.1249
19.202
19.2536
19.2787
19.2771
19.249
19.1946
19.1127
19.0018
18.8608
18.6895
18.4883
18.2571
17.996
17.7051
17.3854
17.0385
16.6651
16.2652
15.8388
15.3861
14.9083
14.4063
13.8812
13.3341
12.7667
12.1814
11.5807
10.9668
10.3416
9.70734
9.06669
8.42286
7.77943
7.14033
6.51
5.8935
5.29624
4.72353
4.1801
3.66763
124.801
79.5374
58.224
45.5862
37.2252
31.3057
26.918
23.5587
20.9258
18.8271
17.1339
15.7564
14.629
13.7029
12.9418
12.3189
11.8138
11.4098
11.0928
10.8516
10.6773
10.5628
10.5016
10.4873
10.5146
10.5793
10.6788
10.8106
10.9726
11.162
11.3766
11.6145
11.8739
12.1525
12.4478
12.7571
13.0779
13.4084
13.7476
14.0944
14.4475
14.805
15.1652
15.5267
15.8885
16.2485
16.6037
16.9509
17.2882
17.615
17.9308
18.234
18.5226
18.795
19.051
19.2903
19.5111
19.7099
19.8838
20.0316
20.1536
20.2493
20.3174
20.3563
20.3657
20.3468
20.3003
20.2244
20.1166
19.9753
19.8008
19.594
19.3548
19.0826
18.7774
18.4406
18.0747
17.6806
17.2579
16.8059
16.3247
15.8159
15.2809
14.7204
14.1353
13.5274
12.8995
12.2549
11.5958
10.924
10.2415
9.55116
8.85667
8.1619
7.47105
6.789
6.12156
5.47529
4.85678
4.27265
3.73873
114.485
80.2228
59.1675
46.2248
37.6216
31.5326
27.0263
23.5828
20.8892
18.7466
17.0225
15.624
14.4827
13.5473
12.78
12.154
11.6495
11.2493
10.9383
10.7049
10.5405
10.4383
10.392
10.3946
10.4397
10.5231
10.6428
10.7971
10.9834
11.199
11.4415
11.7089
11.9996
12.3117
12.6422
12.9875
13.3447
13.7121
14.089
14.4748
14.868
15.2662
15.6673
16.0701
16.4742
16.8777
17.2761
17.665
18.0423
18.4085
18.7638
19.1061
19.4323
19.7401
20.0302
20.3037
20.5587
20.7895
20.9916
21.1643
21.3095
21.4272
21.515
21.5699
21.5916
21.583
21.5461
21.4783
21.3748
21.2331
21.0548
20.8419
20.5944
20.3104
19.9889
19.6324
19.2448
18.8281
18.3805
17.8996
17.3862
16.8424
16.2705
15.6706
15.0429
14.3889
13.7127
13.0186
12.3091
11.585
10.8481
10.1017
9.34993
8.5972
7.84777
7.1068
6.38104
5.67856
5.00743
4.37438
3.78569
128.39
82.8483
60.2607
46.8265
37.9548
31.6922
27.0686
23.5438
20.7923
18.6082
16.8554
15.4388
14.2869
13.3444
12.5716
11.9432
11.4406
11.046
10.7428
10.5182
10.3645
10.2763
10.2475
10.2697
10.335
10.439
10.5812
10.7609
10.9753
11.2207
11.4945
11.7952
12.1217
12.4721
12.8433
13.2304
13.6292
14.0383
14.4581
14.8887
15.3284
15.7738
16.2218
16.6716
17.1243
17.5787
18.0281
18.465
18.8876
19.2986
19.6997
20.0883
20.4585
20.8068
21.1352
21.4485
21.7446
22.0136
22.2478
22.4483
22.6201
22.7642
22.8762
22.95
22.9848
22.9872
22.9625
22.906
22.8081
22.6653
22.4819
22.2626
22.007
21.7105
21.3702
20.9899
20.5774
20.1361
19.6611
19.1476
18.5966
18.0129
17.3994
16.7557
16.0798
15.3729
14.6411
13.8909
13.1246
12.3417
11.5428
10.7322
9.91537
9.09686
8.28079
7.47223
6.67901
5.91139
5.17961
4.49059
3.83645
144.683
85.724
61.3353
47.3586
38.2069
31.7701
27.0332
23.432
20.6262
18.4028
16.6237
15.1927
14.0344
13.0873
12.3092
11.6779
11.1788
10.7927
10.499
10.2839
10.1413
10.0685
10.0605
10.1064
10.1947
10.321
10.4882
10.6971
10.944
11.2236
11.5331
11.8716
12.2389
12.6339
13.0528
13.4888
13.9357
14.3922
14.8611
15.3437
15.838
16.3391
16.8414
17.3443
17.853
18.3683
18.8792
19.3719
19.8452
20.3072
20.7626
21.207
21.6302
22.0245
22.395
22.7546
23.1021
23.4179
23.6882
23.9185
24.1207
24.2976
24.4406
24.5373
24.5851
24.5979
24.589
24.5494
24.459
24.3129
24.1218
23.8956
23.633
23.3244
22.9618
22.5512
22.1092
21.6418
21.1377
20.586
19.99
19.3595
18.6994
18.007
17.2764
16.5075
15.7102
14.8959
14.0661
13.2163
12.3459
11.4611
10.5694
9.67585
8.78363
7.89691
7.02469
6.18067
5.37857
4.62799
3.93351
137.666
86.8876
62.1665
47.7756
38.3551
31.748
26.9061
23.2366
20.3808
18.1197
16.3158
14.8744
13.7162
12.7682
11.9827
11.3463
10.853
10.4797
10.1978
9.99201
9.85984
9.80351
9.82085
9.89668
10.0114
10.1608
10.3552
10.5988
10.8844
11.2037
11.5542
11.9357
12.3496
12.7968
13.273
13.7675
14.2701
14.7805
15.3057
15.8497
16.4096
16.9776
17.5438
18.1064
18.679
19.2693
19.8568
20.4144
20.9433
21.4634
21.9841
22.4982
22.9871
23.4339
23.8481
24.2616
24.6766
25.052
25.3612
25.6213
25.8585
26.0771
26.2621
26.3881
26.4459
26.4654
26.4784
26.4663
26.3858
26.2304
26.0267
25.7933
25.527
25.2086
24.8188
24.3669
23.8883
23.3956
22.8615
22.2635
21.6112
20.9249
20.2123
19.4666
18.6742
17.8306
16.9538
16.0656
15.1653
14.239
13.2841
12.3118
11.3333
10.3539
9.37448
8.39656
7.43036
6.49528
5.61053
4.78873
4.04571
135.576
87.6234
62.7882
48.0558
38.3743
31.6036
26.6715
22.9459
20.0444
17.7453
15.9157
14.4686
13.3213
12.3782
11.579
10.931
10.4477
10.0951
9.82764
9.62944
9.50482
9.4646
9.51407
9.63026
9.77552
9.94614
10.1699
10.4567
10.7897
11.1555
11.553
11.9839
12.4513
12.96
13.5067
14.0733
14.6412
15.2121
15.8024
16.42
17.0601
17.7114
18.3548
18.9826
19.6261
20.3122
21.0008
21.6336
22.2199
22.8058
23.4071
24.0108
24.586
25.0931
25.546
26.021
26.5318
26.9873
27.3336
27.619
27.8967
28.1707
28.416
28.583
28.6422
28.6556
28.7018
28.7391
28.6705
28.4921
28.2668
28.0266
27.7634
27.4427
27.0193
26.505
25.9781
25.4666
24.9054
24.2471
23.5203
22.7659
21.9944
21.1925
20.3308
19.3937
18.4159
17.4426
16.4662
15.4513
14.3936
13.3159
12.2356
11.1576
10.0783
8.99303
7.91262
6.86694
5.88378
4.97617
4.15116
144.319
88.9084
63.3119
48.1926
38.2339
31.3068
26.3118
22.5484
19.6036
17.2624
15.4012
13.9518
12.8356
11.909
11.0793
10.404
9.94099
9.62457
9.3733
9.17792
9.05477
9.02647
9.11822
9.29467
9.47563
9.65857
9.91347
10.2583
10.6512
11.0709
11.5235
12.0119
12.5401
13.1217
13.7579
14.4171
15.062
15.699
16.3653
17.0734
17.8131
18.5722
19.314
20.0087
20.724
21.5395
22.372
23.0895
23.7264
24.3881
25.0917
25.8132
26.5108
27.0903
27.5587
28.0992
28.7613
29.3321
29.6998
29.996
30.3239
30.6722
31.009
31.2429
31.2823
31.2547
31.3567
31.4912
31.433
31.1996
30.9387
30.6937
30.4452
30.1422
29.6788
29.0585
28.4616
27.9547
27.3769
26.631
25.7991
24.9609
24.1231
23.2657
22.3306
21.2705
20.1549
19.0848
18.0327
16.9128
15.7236
14.516
13.3151
12.1232
10.9305
9.71783
8.4944
7.3111
6.21044
5.20034
4.28286
146.12
90.0903
63.745
48.171
37.8885
30.814
25.8095
22.0342
19.0411
16.6488
14.7396
13.2845
12.2399
11.3572
10.4565
9.71704
9.30116
9.05204
8.8132
8.61115
8.47978
8.44889
8.59752
8.8759
9.09903
9.26715
9.55457
9.98724
10.458
10.9381
11.4567
12.0139
12.6098
13.2769
14.0314
14.8168
15.5533
16.2568
17.0136
17.838
18.7011
19.6053
20.4862
21.2404
22.0063
23.0097
24.071
24.8738
25.5312
26.2878
27.1258
28.0007
28.8894
29.5693
29.9832
30.5772
31.51
32.2607
32.5934
32.8692
33.2709
33.7149
34.1943
34.5594
34.5331
34.3711
34.5784
34.9201
34.8552
34.4925
34.1804
33.9368
33.7174
33.4809
32.9786
32.1573
31.446
31.0101
30.444
29.5491
28.5609
27.6223
26.7073
25.8027
24.803
23.5697
22.2465
21.0724
19.9628
18.7114
17.3421
15.9715
14.626
13.3011
11.9828
10.6185
9.20781
7.84801
6.60871
5.47684
4.44925
144.239
91.2622
64.0465
47.967
37.2608
30.0555
25.155
21.3986
18.3297
15.8774
13.8842
12.3934
11.5056
10.7387
9.66787
8.77854
8.48411
8.36519
8.11234
7.88856
7.74072
7.66481
7.88734
8.36243
8.6361
8.71509
9.03929
9.6256
10.1959
10.7359
11.3388
11.9841
12.6514
13.4148
14.3323
15.3046
16.1507
16.9045
17.775
18.7602
19.7697
20.8744
21.9857
22.7738
23.5019
24.8036
26.2782
27.1318
27.7209
28.6256
29.649
30.7019
31.9219
32.7867
32.9574
33.5378
35.0186
36.0763
36.2017
36.4019
36.9484
37.4936
38.1894
38.8581
38.673
38.1269
38.5565
39.3702
39.2231
38.5584
38.2026
37.9756
37.7812
37.729
37.2281
35.9849
35.0587
34.8768
34.3862
33.1922
31.966
30.9234
29.9037
28.9714
27.9593
26.4623
24.7844
23.5196
22.4186
20.9811
19.3421
17.7695
16.2488
14.7621
13.3138
11.7712
10.0984
8.50296
7.10732
5.83136
4.64138
157.485
92.5615
64.1311
47.579
36.2084
28.9066
24.3716
20.6469
17.4139
14.919
12.7748
11.1279
10.5815
10.1279
8.6414
7.39762
7.43533
7.57142
7.20113
6.94161
6.79582
6.55744
6.85613
7.75889
8.09397
7.88614
8.2689
9.16358
9.84566
10.4224
11.1483
11.9191
12.6516
13.5114
14.6622
15.9404
16.9213
17.6591
18.6901
19.9275
21.084
22.4576
24.0273
24.7994
25.2034
27.0247
29.3517
30.1047
30.3857
31.6125
32.907
34.0786
35.9219
37.2543
36.6848
37.0114
39.7249
41.3546
40.7663
40.8269
41.7378
42.3042
43.2833
44.7347
44.2196
42.6127
43.5535
45.5051
45.0022
43.6299
43.359
43.1805
42.9056
43.3192
43.0107
40.8042
39.4177
39.9887
39.7064
37.8204
36.2479
35.158
33.944
33.0109
32.1738
30.2387
27.8657
26.5947
25.6944
23.9315
21.8481
20.0475
18.3103
16.6038
15.0477
13.3083
11.2303
9.30397
7.7561
6.3132
4.88503
165.738
92.1167
63.9307
47.1229
34.4383
27.1204
23.5946
19.7973
16.1527
13.7569
11.3626
9.15119
9.35232
9.76997
7.24569
5.14117
6.11728
6.7422
5.91299
5.64153
5.63321
4.91715
5.20112
7.12931
7.53632
6.51821
7.05301
8.63633
9.3707
9.90684
10.8503
11.8262
12.5914
13.5171
15.0063
16.841
18.0095
18.5139
19.8217
21.5268
22.7488
24.4147
27.0384
27.7554
26.9727
29.7769
34.0807
34.2089
33.5498
35.6722
37.3911
38.2996
41.3545
44.1135
41.4876
40.7947
46.5006
49.307
46.5143
46.4954
48.4204
48.6354
49.7797
53.37
52.2648
47.7227
49.916
54.7536
52.964
49.9294
50.3268
50.2515
49.4099
50.9482
51.5611
46.9892
44.5148
47.2083
47.3895
43.7376
41.7714
40.8887
39.1841
38.2335
38.1728
35.4416
31.5274
30.5592
30.3834
27.8893
25.0141
23.0499
21.0287
18.9528
17.3915
15.4827
12.6905
10.2716
8.65207
7.0163
5.22639
145.547
88.772
63.7342
47.0667
31.281
24.1485
23.3174
18.8553
14.1681
12.422
9.73016
5.65988
7.50325
10.3901
5.22576
0.943576
4.63802
6.12087
3.80368
3.72097
4.37669
2.37198
2.13982
6.73505
7.1885
3.97551
5.00305
8.24274
8.66396
8.98678
10.3858
11.7428
12.4427
13.3353
15.2956
18.2308
19.7778
19.3568
21.277
23.9878
24.9858
26.6491
31.8922
32.8027
28.2664
33.042
42.3852
40.1991
36.9332
41.791
44.1894
43.4802
48.7481
56.2211
47.9159
43.9253
57.2117
62.8095
53.2921
54.0409
58.7486
57.447
57.6849
67.2897
65.439
52.637
58.0063
70.5693
64.3688
57.4567
60.604
60.6714
57.5649
61.6823
65.84
55.0336
49.846
58.4498
59.5592
51.0924
49.2015
49.3123
46.2203
44.9311
47.526
43.2001
35.5297
35.85
37.8261
33.334
29.0012
27.2748
24.8212
21.9413
20.7099
18.8356
14.5771
11.387
10.0108
8.12469
5.65215
139.957
83.1698
64.5418
48.776
25.1312
18.6069
25.1754
17.621
10.4885
11.0157
8.54077
-1.33704
4.0664
14.0349
2.10311
-8.05006
3.78131
6.33315
-0.36009
0.580976
3.56553
-1.64554
-4.60485
7.51553
7.66836
-1.33695
1.25541
8.70472
7.32511
7.23699
9.63062
11.787
12.1516
12.8006
15.314
20.4811
23.3199
19.6716
23.2902
28.3265
28.4741
28.469
40.2903
43.4793
27.3365
36.2059
59.3973
49.4837
39.2404
52.6343
55.8099
49.7653
57.883
81.681
56.8112
43.4153
75.8168
89.843
59.0571
65.0971
76.772
71.2924
65.5285
92.2046
90.9752
54.3208
67.7006
102.438
80.9814
65.3961
77.994
77.9043
67.3706
76.7247
94.0227
65.2779
53.4073
78.3452
81.3442
59.0328
60.1334
63.1295
56.2984
52.8681
64.0521
56.1003
38.7171
43.2292
51.4513
40.7843
33.9353
33.871
30.5842
25.5954
25.6824
24.6765
16.9153
12.5073
12.3753
10.0152
6.11618
160.523
70.2183
68.9777
55.6519
12.3813
6.3113
34.5354
14.7483
2.95332
9.28838
10.5707
-16.6992
-4.24991
26.1862
-2.71042
-30.399
7.3565
8.54721
-10.1282
-5.18392
4.80248
-7.38525
-22.7954
13.06
10.2259
-13.2249
-6.4279
12.1864
3.80605
4.00298
8.10046
12.2932
11.5658
11.6855
14.5426
23.7569
32.7997
17.3877
26.4907
36.9808
36.0472
27.3394
54.4225
72.9968
18.8586
36.568
99.9971
64.041
36.486
76.9816
77.3904
58.8487
64.0224
147.454
67.1365
32.5962
108.284
158.46
54.4255
85.2565
111.229
100.166
66.5952
140.368
152.13
43.8625
75.6638
181.361
102.655
70.8289
113.928
110.772
78.4047
94.8332
163.479
75.4788
49.654
118.316
127.021
62.7922
79.7906
88.1964
73.2666
59.2618
98.3446
80.3569
37.4977
53.7043
81.5823
49.7882
40.0102
45.7141
40.581
29.4462
33.6001
36.6545
19.271
13.1575
17.2842
13.4377
6.46245
161.576
30.1915
87.6655
73.7313
-12.3697
-29.8662
69.0186
4.4026
-11.495
1.96677
25.6478
-49.4856
-31.2706
58.984
-7.96459
-96.0692
35.6406
13.3506
-38.0191
-16.8716
13.2775
-11.4834
-87.2748
38.8493
15.551
-37.1087
-25.1666
22.7022
-7.4559
0.509847
2.57326
14.009
10.2393
9.84816
12.1649
25.2701
71.6232
4.9801
31.3001
57.8072
63.7642
14.8564
67.5744
198.178
-9.91536
26.922
201.846
68.7912
21.0599
156.005
109.802
80.8965
48.6013
360.777
46.0124
5.8632
140.528
421.954
11.9483
129.686
173.626
204.67
40.1233
217.489
342.777
4.45503
64.9902
441.071
101.522
65.5099
218.25
185.122
87.7914
98.6094
404.207
64.8022
28.892
198.777
242.072
47.2157
129.753
132.288
114.506
52.8988
183.268
128.116
24.2758
64.8593
169.183
53.6118
48.4081
70.4487
62.4918
31.2387
46.2342
67.0975
19.316
12.0428
29.816
19.5471
6.08124
