-0.00839211
-0.0483275
-0.187734
-0.437261
-0.00454985
-0.0162933
-0.0354559
-0.0693902
-0.135617
-0.25276
-0.417532
-0.59834
-0.75703
-0.869348
-0.000220475
-0.0089001
-0.0261239
-0.0545132
-0.099367
-0.168398
-0.266979
-0.391243
-0.527576
-0.6615
-0.784965
-0.889352
0.00647181
0.00504461
-0.00505465
-0.0253062
-0.0576688
-0.104889
-0.169865
-0.253575
-0.352882
-0.460754
-0.569301
-0.672611
-0.767486
-0.851929
0.0113177
0.0191828
0.0189917
0.008859
-0.0125346
-0.046043
-0.0923489
-0.151833
-0.22382
-0.305823
-0.393693
-0.482763
-0.569104
-0.650163
-0.724729
-0.786896
0.00911263
0.0276551
0.0399736
0.042994
0.0341183
0.0123661
-0.0215921
-0.0664556
-0.120968
-0.183739
-0.252809
-0.325578
-0.399199
-0.471131
-0.539513
-0.603231
-0.661824
-0.683619
0.0242514
0.0501243
0.0701239
0.0792042
0.0725687
0.0495597
0.0137265
-0.0308977
-0.081735
-0.137235
-0.196052
-0.25667
-0.317444
-0.376839
-0.433636
-0.487038
-0.536653
-0.576633
0.0419385
0.0780807
0.111133
0.131973
0.128246
0.0995549
0.0575216
0.0107011
-0.0378587
-0.0873717
-0.137467
-0.187623
-0.237127
-0.285217
-0.331227
-0.374677
-0.415293
-0.452941
0.0152548
0.0590104
0.108108
0.163108
0.211954
0.21154
0.161676
0.105126
0.053728
0.00693469
-0.0368879
-0.0787879
-0.11922
-0.158242
-0.195708
-0.231412
-0.26518
-0.29692
-0.326746
-0.358995
0.0212307
0.0706666
0.130985
0.213558
0.346452
0.349549
0.222823
0.146366
0.0921429
0.048879
0.0117748
-0.0215111
-0.0521931
-0.0809045
-0.107968
-0.133547
-0.157732
-0.18058
-0.202131
-0.220574
0.0216663
0.0723209
0.134251
0.218944
0.354595
0.36123
0.238969
0.168032
0.12047
0.0850187
0.0567903
0.033252
0.0129118
-0.00518958
-0.0217019
-0.037074
-0.0516141
-0.0655336
-0.0790335
-0.0900726
0.0162537
0.0635801
0.1174
0.17863
0.235603
0.245655
0.209051
0.168972
0.137543
0.114272
0.0972714
0.084899
0.0758268
0.0689686
0.0634471
0.058584
0.0538908
0.0490535
0.0439997
0.0438089
0.0482542
0.0919012
0.134903
0.168796
0.181993
0.174927
0.160011
0.146395
0.137319
0.133177
0.133285
0.136562
0.141823
0.14797
0.154101
0.159568
0.163959
0.167065
0.0304197
0.0660539
0.0990566
0.125338
0.141243
0.147406
0.148705
0.150294
0.155282
0.164772
0.178488
0.195328
0.213829
0.232551
0.250322
0.26635
0.280219
0.288656
0.0128013
0.0424839
0.0699017
0.0931286
0.111099
0.124695
0.136699
0.150452
0.168516
0.192006
0.220509
0.252439
0.285664
0.318148
0.348353
0.375341
0.398729
0.400217
0.0211937
0.0450583
0.0665417
0.0856941
0.103664
0.122788
0.146045
0.176059
0.21402
0.259014
0.30828
0.358332
0.406129
0.449687
0.488107
0.516945
0.0227114
0.0424789
0.0616912
0.0815959
0.10469
0.13463
0.175273
0.228666
0.293125
0.36343
0.433444
0.498553
0.556301
0.605395
0.0191285
0.0372164
0.056557
0.0798146
0.112216
0.161046
0.231572
0.321242
0.419217
0.513799
0.598652
0.667451
0.0118232
0.0280756
0.0462623
0.073131
0.123634
0.213688
0.34102
0.479671
0.598227
0.677928
0.0114754
0.0436659
0.155819
0.357136
