-1.01653
-1.01394
-1.01201
-1.01042
-1.00927
-1.00862
-1.0085
-1.00889
-1.00977
-1.01107
-1.01272
-1.01462
-1.01666
-1.01872
-1.02067
-1.02238
-1.02372
-1.02457
-1.02487
-1.02456
-1.02366
-1.02224
-1.0204
-1.01829
-1.01608
-1.01095
-1.00714
-1.0041
-1.00198
-1.00086
-1.00076
-1.00162
-1.00336
-1.00587
-1.009
-1.0126
-1.0165
-1.02051
-1.02441
-1.02793
-1.03081
-1.03277
-1.03356
-1.03304
-1.03121
-1.0282
-1.0243
-1.01987
-1.0153
-1.00758
-1.00196
-0.997594
-0.994666
-0.993238
-0.993276
-0.994676
-0.997283
-1.00092
-1.00539
-1.01051
-1.0161
-1.02192
-1.02772
-1.03315
-1.03777
-1.04109
-1.04262
-1.04201
-1.03919
-1.03441
-1.0282
-1.02122
-1.01416
-1.00385
-0.996495
-0.990938
-0.987347
-0.985745
-0.986035
-0.988035
-0.991511
-0.996214
-1.00191
-1.00839
-1.01547
-1.02295
-1.03058
-1.03798
-1.04456
-1.04955
-1.0521
-1.05153
-1.04765
-1.04085
-1.03204
-1.0223
-1.01264
-0.999757
-0.990781
-0.984158
-0.980035
-0.978377
-0.979014
-0.981672
-0.986028
-0.991755
-0.998567
-1.00625
-1.01464
-1.02362
-1.03299
-1.04238
-1.05111
-1.05812
-1.06204
-1.06168
-1.05662
-1.0475
-1.03577
-1.02306
-1.01073
-0.995343
-0.984847
-0.977278
-0.972737
-0.971127
-0.972194
-0.975565
-0.980816
-0.987533
-0.995376
-1.00412
-1.01366
-1.02395
-1.03493
-1.04631
-1.05738
-1.06676
-1.07248
-1.07254
-1.06615
-1.05433
-1.03934
-1.02346
-1.00843
-0.990629
-0.978725
-0.970319
-0.965459
-0.963987
-0.965558
-0.969695
-0.97586
-0.983543
-0.992342
-1.00203
-1.01254
-1.02398
-1.03641
-1.04973
-1.06328
-1.07544
-1.08347
-1.08421
-1.07628
-1.06129
-1.04266
-1.02347
-1.00575
-0.985645
-0.972442
-0.963297
-0.958207
-0.95695
-0.959093
-0.964044
-0.971145
-0.979778
-0.989471
-0.999982
-1.01132
-1.02371
-1.03744
-1.05262
-1.06875
-1.0841
-1.09505
-1.09683
-1.08706
-1.06832
-1.04566
-1.02305
-1.00268
-0.98042
-0.966025
-0.956226
-0.950981
-0.950008
-0.952784
-0.958598
-0.966659
-0.976233
-0.986767
-0.998005
-1.01002
-1.02319
-1.03803
-1.05493
-1.0737
-1.09265
-1.10729
-1.11056
-1.09854
-1.07534
-1.04826
-1.02217
-0.999259
-0.974984
-0.959496
-0.94912
-0.943783
-0.943155
-0.946619
-0.953341
-0.96239
-0.972901
-0.984233
-0.996107
-1.00866
-1.02244
-1.0382
-1.05667
-1.07806
-1.10099
-1.12021
-1.12561
-1.11075
-1.08223
-1.05039
-1.02082
-0.995496
-0.969367
-0.952876
-0.941987
-0.936613
-0.936382
-0.940588
-0.948263
-0.958327
-0.969776
-0.981871
-0.994299
-1.00727
-1.02148
-1.03797
-1.05781
-1.08175
-1.10896
-1.13385
-1.14227
-1.12373
-1.08885
-1.05195
-1.019
-0.991419
-0.963598
-0.946185
-0.934836
-0.92947
-0.929685
-0.93468
-0.943351
-0.95446
-0.966853
-0.97968
-0.992591
-1.00586
-1.02035
-1.03737
-1.05838
-1.08469
-1.11641
-1.1482
-1.1609
-1.13746
-1.09501
-1.05288
-1.01672
-0.987059
-0.957704
-0.939439
-0.927671
-0.922352
-0.923055
-0.928886
-0.938596
-0.95078
-0.964125
-0.977661
-0.99099
-1.00444
-1.01906
-1.03642
-1.05837
-1.08684
-1.12312
-1.16317
-1.18203
-1.15186
-1.10053
-1.05312
-1.01398
-0.982448
-0.951711
-0.932652
-0.920498
-0.915257
-0.916487
-0.923198
-0.933988
-0.947278
-0.961588
-0.975815
-0.989502
-1.00304
-1.01765
-1.03517
-1.05783
-1.08816
-1.12887
-1.17858
-1.20646
-1.16673
-1.10516
-1.05264
-1.01081
-0.977618
-0.945641
-0.925836
-0.91332
-0.908183
-0.909976
-0.917608
-0.929518
-0.943946
-0.959236
-0.974139
-0.988134
-1.00166
-1.01612
-1.03364
-1.05677
-1.08863
-1.13344
-1.19402
-1.23536
-1.18168
-1.10868
-1.05141
-1.00725
-0.972604
-0.939518
-0.919002
-0.906139
-0.901127
-0.903516
-0.912109
-0.925179
-0.940778
-0.957063
-0.972634
-0.986888
-1.00031
-1.0145
-1.03186
-1.05524
-1.08827
-1.13662
-1.20879
-1.27077
-1.19598
-1.11089
-1.04945
-1.00333
-0.967439
-0.933361
-0.912158
-0.898956
-0.894086
-0.897102
-0.906695
-0.920964
-0.937766
-0.955065
-0.971298
-0.98577
-0.999003
-1.0128
-1.02985
-1.05328
-1.0871
-1.13827
-1.22174
-1.31644
-1.20851
-1.11163
-1.04679
-0.999101
-0.962153
-0.927187
-0.905313
-0.891771
-0.887057
-0.890729
-0.90136
-0.916866
-0.934903
-0.953237
-0.97013
-0.984782
-0.997748
-1.01105
-1.02766
-1.05094
-1.08519
-1.1383
-1.23138
-1.38087
-1.21776
-1.11083
-1.04347
-0.994597
-0.956778
-0.921014
-0.898472
-0.884584
-0.880036
-0.884394
-0.896098
-0.912879
-0.932184
-0.951574
-0.969129
-0.983927
-0.996551
-1.00924
-1.02528
-1.04825
-1.08258
-1.13674
-1.23615
-1.49108
-1.22217
-1.10849
-1.03956
-0.989868
-0.951341
-0.914854
-0.89164
-0.877394
-0.873021
-0.878091
-0.890906
-0.908997
-0.929602
-0.950072
-0.968292
-0.983207
-0.995415
-1.0074
-1.02277
-1.04526
-1.07937
-1.13369
-1.23515
-6.78089
-1.22084
-1.10473
-1.03514
-0.984955
-0.945868
-0.908723
-0.884821
-0.870198
-0.866008
-0.871819
-0.885778
-0.905216
-0.927153
-0.948726
-0.967619
-0.982625
-0.994347
-1.00552
-1.02012
-1.04202
-1.07564
-1.12933
-1.22858
-1.49087
-1.21397
-1.09972
-1.03028
-0.979901
-0.940383
-0.902631
-0.878017
-0.862995
-0.858994
-0.865573
-0.880711
-0.901529
-0.924831
-0.947533
-0.967108
-0.982182
-0.993349
-1.00362
-1.01735
-1.03855
-1.07147
-1.12388
-1.21768
-1.38045
-1.20279
-1.09367
-1.02507
-0.974742
-0.934906
-0.896589
-0.871232
-0.855782
-0.851976
-0.85935
-0.875702
-0.897934
-0.922631
-0.946487
-0.966757
-0.981881
-0.992426
-1.00171
-1.01449
-1.03491
-1.06693
-1.11757
-1.20405
-1.31581
-1.18891
-1.0868
-1.01957
-0.969514
-0.929457
-0.890606
-0.864466
-0.848556
-0.84495
-0.853147
-0.870745
-0.894426
-0.920548
-0.945585
-0.966565
-0.981723
-0.991579
-0.999771
-1.01155
-1.0311
-1.0621
-1.11061
-1.18908
-1.26992
-1.1737
-1.07935
-1.01386
-0.964246
-0.924053
-0.884693
-0.857719
-0.841313
-0.837915
-0.846963
-0.86584
-0.891
-0.918579
-0.944823
-0.966529
-0.98171
-0.990813
-0.997823
-1.00853
-1.02718
-1.05705
-1.10321
-1.17373
-1.23431
-1.15815
-1.07149
-1.00801
-0.958966
-0.918709
-0.878858
-0.850992
-0.83405
-0.830868
-0.840794
-0.860983
-0.887653
-0.916718
-0.944197
-0.966649
-0.981845
-0.990129
-0.995861
-1.00545
-1.02316
-1.05183
-1.09553
-1.1586
-1.20519
-1.14284
-1.0634
-1.00207
-0.953698
-0.913438
-0.873108
-0.844284
-0.826763
-0.823804
-0.83464
-0.856171
-0.884383
-0.914962
-0.943703
-0.966923
-0.982128
-0.98953
-0.993886
-1.0023
-1.01905
-1.04649
-1.08769
-1.14401
-1.18056
-1.12808
-1.0552
-0.996074
-0.94846
-0.908252
-0.867452
-0.837593
-0.819447
-0.816723
-0.828498
-0.851403
-0.881185
-0.913307
-0.943337
-0.967347
-0.982563
-0.989018
-0.991895
-0.999108
-1.01489
-1.04108
-1.07981
-1.1301
-1.15921
-1.11402
-1.04699
-0.990074
-0.94327
-0.90316
-0.861897
-0.830917
-0.812097
-0.809623
-0.822366
-0.846675
-0.878056
-0.911749
-0.943096
-0.967922
-0.983152
-0.988596
-0.989885
-0.995865
-1.01069
-1.03562
-1.07195
-1.11692
-1.14037
-1.10071
-1.03884
-0.984099
-0.938141
-0.898172
-0.856453
-0.824254
-0.80471
-0.8025
-0.816245
-0.841987
-0.874994
-0.910284
-0.942975
-0.968644
-0.983896
-0.988267
-0.987852
-0.992578
-1.00646
-1.03016
-1.06418
-1.10446
-1.12351
-1.08813
-1.03082
-0.978172
-0.933084
-0.893294
